time,latitude,longitude,depth,mag,magType,nst,gap,dmin,rms,net,id,updated,place,type,horizontalError,depthError,magError,magNst,status,locationSource,magSource
2000-03-30T23:21:16.800Z,37.28,20.61,5,3.3,md,,,,,us,usp0009qhs,2014-11-07T01:09:46.374Z,"52 km SSW of Lithakiá, Greece",earthquake,,,,,reviewed,ath,ath
2000-03-30T22:41:58.880Z,-27.881,-176.364,33,4.6,mb,,,,1.17,us,usp0009qhr,2014-11-07T01:09:46.372Z,"Kermadec Islands region",earthquake,,,,5,reviewed,us,us
2000-03-30T22:31:50.050Z,-52.022,-72.209,33,4.1,mb,,,,0.76,us,usp0009qhq,2014-11-07T01:09:46.370Z,"Magallanes y Antartica Chilena, Chile",earthquake,,,,1,reviewed,us,us
2000-03-30T22:10:10.230Z,-0.175,123.107,169.8,4.5,mb,,,,0.86,us,usp0009qhp,2014-11-07T01:09:46.368Z,"78 km S of Gorontalo, Indonesia",earthquake,,8.3,,5,reviewed,us,us
2000-03-30T21:38:15.900Z,45.962,-4.083,3,2.6,ml,,,,,us,usp0009qhm,2014-11-07T01:09:46.364Z,"169 km SSW of Le Palais, France",earthquake,,,,,reviewed,ldg,ldg
2000-03-30T21:30:11.700Z,36.7,22.01,5,3,md,,,,,us,usp0009qhk,2014-11-07T01:09:46.363Z,"11 km SSE of Koróni, Greece",earthquake,,,,,reviewed,ath,ath
2000-03-30T21:13:59.780Z,32.513,-108.986,0,2.8,ml,7,,,0.71,rusms,rusms00001827,2022-06-09T21:12:01.050Z,"19 km S of Virden, New Mexico",explosion,,,,,reviewed,us,us
2000-03-30T20:58:21.240Z,-23.486,-179.968,619.6,4.3,mb,,,,1.11,us,usp0009qhj,2014-11-07T01:09:46.360Z,"south of the Fiji Islands",earthquake,,22.9,,13,reviewed,us,us
2000-03-30T18:34:32.070Z,-1.458,134.172,33,4.3,mb,,,,0.53,us,usp0009qhf,2014-11-07T01:09:46.356Z,"66 km S of Manokwari, Indonesia",earthquake,,,,2,reviewed,us,us
2000-03-30T18:12:05.800Z,34.3436667,-118.5688333,11.793,2.79,ml,58,23,,0.27,ci,ci9145462,2016-04-02T04:44:00.654Z,"10km SW of Santa Clarita, CA",earthquake,0.35,0.99,0.226,51,reviewed,ci,ci
2000-03-30T17:34:53.340Z,22.306,143.486,100,4,mb,,,,1.05,us,usp0009qhd,2014-11-07T01:09:46.353Z,"Volcano Islands, Japan region",earthquake,,,,3,reviewed,us,us
2000-03-30T16:32:20.410Z,-11.83,117.406,33,4.5,mb,,,,1.14,us,usp0009qhc,2014-11-07T01:09:46.351Z,"south of Sumbawa, Indonesia",earthquake,,,,1,reviewed,us,us
2000-03-30T16:02:29.340Z,51.507,-173.251,33,4.1,mb,,,,1.04,us,usp0009qhb,2020-02-20T20:09:46.146Z,"100 km SE of Atka, Alaska",earthquake,,,,5,reviewed,us,us
2000-03-30T15:12:27.010Z,24.7,94.712,65.9,4.2,mb,,,,1.09,us,usp0009qh9,2014-11-07T01:09:46.343Z,"66 km E of W?ngjing, India",earthquake,,,,11,reviewed,us,us
2000-03-30T15:11:37.950Z,35.293,73.581,33,3.7,mb,,,,0.37,us,usp0009qh8,2014-11-07T01:09:46.342Z,"85 km NE of Battagram, Pakistan",earthquake,,,,2,reviewed,us,us
2000-03-30T15:01:29.280Z,42.72,140.6,10,3.8,mb,,,,1.14,us,usp0009qh7,2014-11-07T01:09:46.341Z,"8 km SW of Niseko Town, Japan",earthquake,,,,1,reviewed,us,us
2000-03-30T14:27:25.360Z,-5.482,153.945,149.9,4,mb,,,,0.52,us,usp0009qh6,2014-11-07T01:09:46.340Z,"193 km WNW of Panguna, Papua New Guinea",earthquake,,34.3,,3,reviewed,us,us
2000-03-30T14:19:31.440Z,45.4,2.03,2,2.6,ml,,,,,us,usp0009qh5,2014-11-07T01:09:46.338Z,"1 km WSW of Égletons, France",earthquake,,,,,reviewed,str,str
2000-03-30T14:12:37.400Z,24.992,123.287,141,3.5,mb,,,,0.29,us,usp0009qh4,2014-11-07T01:09:46.337Z,"65 km NNE of Yonakuni, Japan",earthquake,,9.6,,1,reviewed,us,us
2000-03-30T14:04:33.130Z,22.175,143.953,100,4,mb,,,,1,us,usp0009qh3,2014-11-07T01:09:46.334Z,"Volcano Islands, Japan region",earthquake,,,,3,reviewed,us,us
2000-03-30T13:01:13.140Z,42.619,140.879,10,3.6,mb,,,,0.77,us,usp0009qh1,2014-11-07T01:09:46.330Z,"16 km N of Date, Japan",earthquake,,,,1,reviewed,us,us
2000-03-30T12:47:07.200Z,35.59,22.87,31,3.5,md,,,,,us,usp0009qh0,2014-11-07T01:09:46.329Z,"63 km S of Kýthira, Greece",earthquake,,,,,reviewed,ath,ath
2000-03-30T11:36:43.050Z,42.84,140.632,10,3.6,mb,,,,0.61,us,usp0009qgz,2014-11-07T01:09:46.328Z,"7 km NNW of Niseko Town, Japan",earthquake,,,,1,reviewed,us,us
2000-03-30T10:42:27.140Z,44.734,148.257,72.5,4.6,mb,,,,0.78,us,usp0009qgx,2014-11-07T01:09:46.318Z,"62 km SSE of Kuril’sk, Russia",earthquake,,4.8,,52,reviewed,us,us
2000-03-30T10:30:21.420Z,42.671,140.669,10,3.5,mb,,,,0.78,us,usp0009qgw,2014-11-07T01:09:46.316Z,"11 km S of Niseko Town, Japan",earthquake,,,,1,reviewed,us,us
2000-03-30T10:24:27.100Z,47.225,6.929,4,2.5,md,,,,,us,usp0009qgv,2014-11-07T01:09:46.313Z,"2 km W of Le Noirmont, Switzerland",earthquake,,,,,reviewed,ldg,ldg
2000-03-30T09:54:21.950Z,36.0115,-117.8765,1.724,2.64,mc,24,77,,0.25,ci,ci7184276,2016-02-17T04:48:38.300Z,"8km ESE of Coso Junction, California",earthquake,0.32,0.5,,41,reviewed,ci,ci
2000-03-30T09:51:54.580Z,42.588,140.932,10,4.3,mb,,,,0.68,us,usp0009qgu,2014-11-07T01:09:46.310Z,"14 km NNE of Date, Japan",earthquake,,,,17,reviewed,us,us
2000-03-30T09:50:28.800Z,15.961,-98.865,16.1,4,md,,,,,us,usp0009qgt,2014-11-07T01:09:46.308Z,"61 km SW of Santiago Tepextla, Mexico",earthquake,,,,,reviewed,unm,unm
2000-03-30T09:44:17.480Z,-25.472,179.594,535.4,4.5,mb,,,,0.63,us,usp0009qgs,2014-11-07T01:09:46.306Z,"south of the Fiji Islands",earthquake,,28.9,,2,reviewed,us,us
2000-03-30T09:43:59.500Z,-41.02,175.42,26,2.9,ml,,,,,us,usp0009qgr,2014-11-07T01:09:46.305Z,"21 km WSW of Masterton, New Zealand",earthquake,,,,,reviewed,wel,wel
2000-03-30T09:38:08.530Z,18.82,-68.015,46.8,3.9,mb,,,,,us,usp0009qgp,2014-11-07T01:09:46.301Z,"48 km ENE of Punta Cana, Dominican Republic",earthquake,,,,2,reviewed,rspr,us
2000-03-30T09:33:56.800Z,-41.03,175.4,24,3.6,ml,,,,,us,usp0009qgm,2014-11-07T01:09:46.298Z,"23 km WSW of Masterton, New Zealand",earthquake,,,,,reviewed,wel,wel
2000-03-30T09:32:17.850Z,39.503,15.839,266.8,4.6,mb,,,,0.98,us,usp0009qgk,2014-11-07T01:09:46.273Z,"7 km SSW of Cittadella del Capo, Italy",earthquake,,1.7,,51,reviewed,us,us
2000-03-30T09:16:59.610Z,42.672,140.668,10,4.4,mb,,,,1.08,us,usp0009qgh,2014-11-07T01:09:46.269Z,"11 km S of Niseko Town, Japan",earthquake,,,,16,reviewed,us,us
2000-03-30T09:16:42.750Z,42.767,140.774,10,4.1,mb,,,,0.63,us,usp0009qgg,2014-11-07T01:09:46.267Z,"8 km E of Niseko Town, Japan",earthquake,,,,1,reviewed,us,us
2000-03-30T09:09:44.230Z,40.181,29.348,23.4,2.6,md,,,,,us,usp0009qgf,2014-11-07T01:09:46.266Z,"11 km E of Kestel, Turkey",earthquake,,,,,reviewed,isk,isk
2000-03-30T08:13:28.320Z,42.621,140.749,10,4.8,mb,,,,1.34,us,usp0009qge,2014-11-07T01:09:46.259Z,"18 km SSE of Niseko Town, Japan",earthquake,,,,38,reviewed,us,us
2000-03-30T07:59:56.150Z,-24.354,-67.866,123.5,4,mb,,,,0.47,us,usp0009qgd,2014-11-07T01:09:46.258Z,"157 km W of San Antonio de los Cobres, Argentina",earthquake,,37.6,,3,reviewed,us,us
2000-03-30T07:51:26.200Z,17.043,-100.628,41.9,3.8,md,,,,,us,usp0009qgc,2014-11-07T01:09:46.256Z,"Guerrero, Mexico",earthquake,,,,,reviewed,unm,unm
2000-03-30T07:42:09.550Z,42.798,140.743,10,3.5,mb,,,,0.59,us,usp0009qgb,2014-11-07T01:09:46.255Z,"6 km ENE of Niseko Town, Japan",earthquake,,,,1,reviewed,us,us
2000-03-30T07:08:26.770Z,40.6,28.999,8.4,2.7,md,,,,,us,usp0009qga,2014-11-07T01:09:46.253Z,"4 km SW of Kocadere, Turkey",earthquake,,,,,reviewed,isk,isk
2000-03-30T07:06:06.920Z,43.343,146.412,64.1,5.1,mwc,,,,0.86,us,usp0009qg9,2022-04-29T18:36:01.808Z,"56 km SSW of Shikotan, Russia",earthquake,,,,,reviewed,us,hrv
2000-03-30T05:02:42.560Z,42.431,140.698,10,4.1,mb,,,,0.68,us,usp0009qg8,2014-11-07T01:09:46.223Z,"14 km WSW of Date, Japan",earthquake,,,,7,reviewed,us,us
2000-03-30T04:57:40.800Z,42.749,140.615,10,3.5,mb,,,,0.76,us,usp0009qg7,2014-11-07T01:09:46.222Z,"5 km SW of Niseko Town, Japan",earthquake,,,,1,reviewed,us,us
2000-03-30T04:05:54.840Z,-58.495,-25.015,33,4.2,mb,,,,0.91,us,usp0009qg5,2014-11-07T01:09:46.215Z,"South Sandwich Islands region",earthquake,,,,2,reviewed,us,us
2000-03-30T04:03:16.680Z,-20.318,169.119,50.1,4.3,mb,,,,0.82,us,usp0009qg4,2014-11-07T01:09:46.213Z,"87 km S of Isangel, Vanuatu",earthquake,,11.7,,3,reviewed,us,us
2000-03-30T03:53:37.980Z,42.794,140.738,10,3.8,mb,,,,0.44,us,usp0009qg3,2014-11-07T01:09:46.202Z,"5 km ENE of Niseko Town, Japan",earthquake,,,,1,reviewed,us,us
2000-03-30T03:49:42.977Z,62.8636,-148.806,68.6,2.5,ml,,,,0.87,ak,ak00044wg4nt,2020-02-20T20:10:00.005Z,"59 km S of Cantwell, Alaska",earthquake,,0.2,,,reviewed,ak,ak
2000-03-30T02:44:42.581Z,63.1437,-150.4394,112.8,3.2,ml,,,,0.8,ak,ak00044vtmg2,2020-02-20T20:10:00.420Z,"74 km NNE of Petersville, Alaska",earthquake,,0.3,,,reviewed,ak,ak
2000-03-30T02:36:47.200Z,36.24,23.18,5,2.8,md,,,,,us,usp0009qg0,2014-11-07T01:09:46.174Z,"19 km ENE of Kýthira, Greece",earthquake,,,,,reviewed,ath,ath
2000-03-30T02:29:16.700Z,49.376,6.944,1,2.6,ml,,,,,us,usp0009qfz,2014-11-07T01:09:46.095Z,"3 km SSW of Eppelborn, Germany",earthquake,,,,,reviewed,ldg,ldg
2000-03-30T02:24:32.620Z,39.096,13.775,410.4,4.5,mb,,,,0.91,us,usp0009qfy,2014-11-07T01:09:46.083Z,"66 km NE of Ustica, Italy",earthquake,,3.5,,39,reviewed,us,us
2000-03-30T01:31:24.970Z,36.0165,-117.8815,1.534,3.09,ml,18,78,0.06896,0.19,ci,ci9145388,2016-04-01T19:01:03.858Z,"7km ESE of Coso Junction, CA",earthquake,0.39,0.62,0.288,10,reviewed,ci,ci
2000-03-30T01:30:29.210Z,36.022,-117.871,1.434,2.9,ml,0,100.8,0.0649,0.125,ci,ci9145405,2016-02-16T19:01:50.429Z,"7km ESE of Coso Junction, California",earthquake,,0.175,,77,reviewed,ci,ci
2000-03-30T01:17:05.970Z,36.021,-117.875,1.254,3.01,ml,0,100.4,0.06692,0.14,ci,ci9145399,2016-04-02T10:36:48.563Z,"7km ESE of Coso Junction, CA",earthquake,,0.316,,84,reviewed,ci,ci
2000-03-30T01:16:37.770Z,18.703,-66.904,13.5,2.5,md,,,,,us,usp0009qfs,2014-11-07T01:09:46.076Z,"25 km NNW of Camuy, Puerto Rico",earthquake,,,,,reviewed,rspr,rspr
2000-03-30T01:09:28.500Z,42.708,140.863,10,4.4,mb,,,,0.81,us,usp0009qfr,2014-11-07T01:09:46.073Z,"17 km ESE of Niseko Town, Japan",earthquake,,,,11,reviewed,us,us
2000-03-30T00:59:35.540Z,33.1501667,-115.6388333,5.572,3.22,ml,31,32,0.03346,0.32,ci,ci9145394,2016-04-02T14:22:13.785Z,"12km WNW of Calipatria, CA",earthquake,0.44,2.55,0.271,58,reviewed,ci,ci
2000-03-30T00:51:45.650Z,-29.322,-71.845,33,4.7,mb,,,,1.12,us,usp0009qfn,2014-11-07T01:09:46.066Z,"85 km NW of Coquimbo, Chile",earthquake,,,,18,reviewed,us,us
2000-03-30T00:12:45.750Z,42.576,140.718,10,4.9,mb,,,,0.84,us,usp0009qfm,2014-11-07T01:09:46.054Z,"17 km NW of Date, Japan",earthquake,,,,67,reviewed,us,us
2000-03-29T23:37:07.410Z,2.47,125.653,156,4.3,mb,,,,0.78,us,usp0009qfj,2014-11-07T01:09:46.051Z,"132 km NE of Laikit, Laikit II (Dimembe), Indonesia",earthquake,,6.8,,6,reviewed,us,us
2000-03-29T23:34:48.640Z,42.805,140.777,10,4.8,mb,,,,0.77,us,usp0009qfh,2014-11-07T01:09:46.050Z,"Hokkaido, Japan region",earthquake,,,,4,reviewed,us,us
2000-03-29T23:07:14.760Z,40.294,-107.79,0,3.1,ml,20,,,0.62,rusms,rusms00001826,2022-06-09T21:12:01.047Z,"30 km NNE of Meeker, Colorado",explosion,,,,,reviewed,us,us
2000-03-29T22:52:45.900Z,-41.01,175.43,28,2.5,ml,,,,,us,usp0009qfg,2014-11-07T01:09:46.049Z,"19 km WSW of Masterton, New Zealand",earthquake,,,,,reviewed,wel,wel
2000-03-29T22:50:10.090Z,-9.426,122.686,78.3,4,mb,,,,1.11,us,usp0009qfe,2014-11-07T01:09:46.045Z,"103 km SSE of Maumere, Indonesia",earthquake,,20.6,,3,reviewed,us,us
2000-03-29T22:22:52.320Z,22.262,143.453,105.7,5.1,mwc,,,,0.83,us,usp0009qfd,2026-02-04T20:16:33.346Z,"Volcano Islands, Japan region",earthquake,,,,,reviewed,us,hrv
2000-03-29T21:42:36.710Z,46.292,12.571,10,3,ml,,,,0.74,us,usp0009qfa,2014-11-07T01:09:46.024Z,"5 km ENE of Claut, Italy",earthquake,,,,,reviewed,us,vie
2000-03-29T21:38:05.070Z,42.718,140.678,10,3.5,mb,,,,0.83,us,usp0009qf9,2014-11-07T01:09:46.022Z,"6 km S of Niseko Town, Japan",earthquake,,,,1,reviewed,us,us
2000-03-29T21:32:14.080Z,44.145,-105.384,0,3.2,ml,16,,,0.9,rusms,rusms00001825,2022-06-09T21:12:01.043Z,"11 km SSE of Sleepy Hollow, Wyoming",explosion,,,,,reviewed,us,us
2000-03-29T20:24:40.440Z,16.913,146.341,75.7,4.8,mb,,,,0.91,us,usp0009qf6,2014-11-07T01:09:46.016Z,"198 km NNE of Saipan, Northern Mariana Islands",earthquake,,14.9,,15,reviewed,us,us
2000-03-29T20:21:31.970Z,42.687,140.594,10,4.5,mb,,,,1.1,us,usp0009qf5,2014-11-07T01:09:46.011Z,"Hokkaido, Japan region",earthquake,,,,14,reviewed,us,us
2000-03-29T20:02:28.060Z,32.995,-109.282,0,2.6,ml,7,,,0.5,rusms,rusms00001824,2022-06-09T21:12:01.041Z,"Arizona",explosion,,,,,reviewed,us,us
2000-03-29T19:51:40.500Z,37.48,23.4,5,2.9,md,,,,,us,usp0009qf3,2014-11-07T01:09:46.008Z,"southern Greece",earthquake,,,,,reviewed,ath,ath
2000-03-29T19:44:25.230Z,-55.518,-25.838,33,4,mb,,,,0.45,us,usp0009qf2,2014-11-07T01:09:46.006Z,"South Sandwich Islands region",earthquake,,,,3,reviewed,us,us
2000-03-29T19:32:19.980Z,34.3451667,-118.5741667,12.243,2.74,ml,59,24,,0.26,ci,ci9145339,2016-04-01T19:00:56.987Z,"10km SW of Santa Clarita, CA",earthquake,0.29,0.7,0.195,52,reviewed,ci,ci
2000-03-29T18:20:19.020Z,42.694,140.705,10,4.5,mb,,,,0.93,us,usp0009qey,2014-11-07T01:09:46.000Z,"9 km SSE of Niseko Town, Japan",earthquake,,,,14,reviewed,us,us
2000-03-29T17:54:18.670Z,42.595,140.605,10,4.5,mb,,,,1.21,us,usp0009qex,2014-11-07T01:09:45.996Z,"21 km SSW of Niseko Town, Japan",earthquake,,,,18,reviewed,us,us
2000-03-29T17:49:47.410Z,39.4065,-120.574,1.295,3.09,md,87,100,0.2973,0.17,nc,nc21089030,2016-12-31T08:28:52.870Z,"14 km ESE of Graniteville, California",earthquake,0.18,0.84,0.13,83,reviewed,nc,nc
2000-03-29T17:28:17.180Z,-4.52,125.252,464.8,4.4,mb,,,,0.94,us,usp0009qev,2014-11-07T01:09:45.989Z,"Banda Sea",earthquake,,4.1,,19,reviewed,us,us
2000-03-29T17:09:28.510Z,22.239,143.745,100,4.6,mb,,,,0.93,us,usp0009qeu,2014-11-07T01:09:45.986Z,"Volcano Islands, Japan region",earthquake,,,,5,reviewed,us,us
2000-03-29T16:58:23.600Z,39.01,23.51,5,3.5,ml,,,,,us,usp0009qet,2014-11-07T01:09:45.985Z,"16 km S of Skiáthos, Greece",earthquake,,,,,reviewed,ath,ath
2000-03-29T16:57:02.380Z,46.231,12.595,10,3.7,ml,,,,1.08,us,usp0009qes,2014-11-07T01:09:45.975Z,"3 km NNW of Andreis, Italy",earthquake,,,,,reviewed,us,str
2000-03-29T16:12:20.180Z,42.635,140.701,10,4,mb,,,,1.45,us,usp0009qer,2014-11-07T01:09:45.974Z,"Hokkaido, Japan region",earthquake,,,,4,reviewed,us,us
2000-03-29T16:06:55.970Z,-1.914,125.132,36.7,4.7,mb,,,,1.04,us,usp0009qeq,2014-11-07T01:09:45.970Z,"Pulau-Pulau Sula, Indonesia",earthquake,,9.7,,11,reviewed,us,us
2000-03-29T16:03:23.350Z,2.375,-98.89,10,4.4,mb,,,,1.19,us,usp0009qep,2014-11-07T01:09:45.968Z,"west of the Galapagos Islands",earthquake,,,,3,reviewed,us,us
2000-03-29T15:21:21.000Z,42.498,140.901,10,4.2,mb,,,,1.19,us,usp0009qem,2014-11-07T01:09:45.965Z,"4 km NE of Date, Japan",earthquake,,,,3,reviewed,us,us
2000-03-29T15:05:30.660Z,22.255,143.898,100,3.6,mb,,,,1.27,us,usp0009qek,2014-11-07T01:09:45.963Z,"Volcano Islands, Japan region",earthquake,,,,1,reviewed,us,us
2000-03-29T14:30:57.830Z,-41.029,175.462,33,5.2,mwc,,,,1.08,us,usp0009qej,2022-04-29T18:36:00.716Z,"18 km WSW of Masterton, New Zealand",earthquake,,,,,reviewed,us,hrv
2000-03-29T14:27:14.600Z,-41.05,175.37,25,4.2,ml,,,,,us,usp0009qeh,2014-11-07T01:09:45.950Z,"26 km WSW of Masterton, New Zealand",earthquake,,,,,reviewed,wel,wel
2000-03-29T14:12:14.370Z,42.635,140.907,10,4.1,mb,,,,1.26,us,usp0009qeg,2014-11-07T01:09:45.948Z,"18 km N of Date, Japan",earthquake,,,,5,reviewed,us,us
2000-03-29T14:06:50.040Z,-20.568,-178.023,559.4,4.1,mb,,,,0.86,us,usp0009qef,2014-11-07T01:09:45.944Z,"299 km WNW of Haveluloto, Tonga",earthquake,,22.7,,13,reviewed,us,us
2000-03-29T13:47:39.250Z,45.396,148.42,116.4,4.8,mb,,,,1.12,us,usp0009qee,2014-11-07T01:09:45.931Z,"Kuril Islands",earthquake,,,,58,reviewed,us,us
2000-03-29T13:34:34.430Z,34.3455,-118.5708333,12.871,2.77,ml,57,31,,0.26,ci,ci3323669,2016-04-02T11:15:20.130Z,"10km SW of Santa Clarita, CA",earthquake,0.31,0.68,0.196,63,reviewed,ci,ci
2000-03-29T13:10:45.910Z,34.743,33.126,8,2.9,ml,,,,,us,usp0009qea,2014-11-07T01:09:45.925Z,"2 km NNW of Ágios Týchon, Cyprus",earthquake,,,,,reviewed,css,css
2000-03-29T12:54:16.190Z,9.689,126.777,39.9,4.6,mb,,,,1.11,us,usp0009qe9,2014-11-07T01:09:45.919Z,"Mindanao, Philippines",earthquake,,,,17,reviewed,us,us
2000-03-29T12:37:35.180Z,31.591,99.719,33,3.9,mb,,,,1.37,us,usp0009qe7,2014-11-07T01:09:45.915Z,"246 km ENE of Qamdo, China",earthquake,,,,7,reviewed,us,us
2000-03-29T12:28:53.360Z,34.752,33.136,8,3.5,ml,,,,,us,usp0009qe6,2014-11-07T01:09:45.913Z,"2 km WNW of Parekklisha, Cyprus",earthquake,,,,,reviewed,css,css
2000-03-29T12:23:36.310Z,42.787,140.78,10,3.6,mb,,,,0.83,us,usp0009qe5,2014-11-07T01:09:45.912Z,"9 km E of Niseko Town, Japan",earthquake,,,,1,reviewed,us,us
2000-03-29T12:04:37.170Z,22.142,143.726,100,4.3,mb,,,,0.87,us,usp0009qe2,2014-11-07T01:09:45.906Z,"Volcano Islands, Japan region",earthquake,,,,17,reviewed,us,us
2000-03-29T12:02:55.500Z,55.1306,-160.5157,49.3,2.9,ml,,,,0.51,ak,ak00043dzmxa,2020-02-20T20:10:01.963Z,"22 km S of Sand Point, Alaska",earthquake,,2.6,,,reviewed,ak,ak
2000-03-29T11:06:37.416Z,37.7952,-116.0423,4.9,2.9,ml,7,315.83,0.591,0.1318,nn,nn00004938,2018-04-24T22:24:41.892Z,"31 km WNW of Rachel, Nevada",earthquake,,5.6,,,reviewed,nn,nn
2000-03-29T10:31:57.110Z,9.465,-70.59,33,4.2,mb,,,,0.79,us,usp0009qdy,2014-11-07T01:09:45.899Z,"16 km N of Valera, Venezuela",earthquake,,,,10,reviewed,us,us
2000-03-29T09:48:42.530Z,53.843,170.82,33,4.5,mb,,,,0.88,us,usp0009qdx,2014-11-07T01:09:45.894Z,"192 km NW of Attu Station, Alaska",earthquake,,,,22,reviewed,us,us
2000-03-29T09:35:29.740Z,42.7,140.923,10,3.5,mb,,,,0.84,us,usp0009qdw,2014-11-07T01:09:45.892Z,"22 km ESE of Niseko Town, Japan",earthquake,,,,1,reviewed,us,us
2000-03-29T09:13:41.960Z,-27.918,-176.381,33,4.2,mb,,,,1.09,us,usp0009qdv,2014-11-07T01:09:45.890Z,"Kermadec Islands region",earthquake,,,,2,reviewed,us,us
2000-03-29T08:40:05.840Z,36.7801667,-121.4925,6.58,2.54,md,62,35,0.02703,0.08,nc,nc21088987,2016-12-31T08:27:47.430Z,"8 km SSE of San Juan Bautista, California",earthquake,0.14,0.3,0.11,79,reviewed,nc,nc
2000-03-29T08:22:30.180Z,42.643,140.68,10,4.4,mb,,,,1.08,us,usp0009qdu,2014-11-07T01:09:45.886Z,"15 km S of Niseko Town, Japan",earthquake,,,,12,reviewed,us,us
2000-03-29T07:47:01.210Z,-27.958,-176.458,10,5.2,ms,,,,1.1,us,usp0009qdt,2022-04-29T18:35:59.397Z,"Kermadec Islands region",earthquake,,,,45,reviewed,us,us
2000-03-29T07:24:33.680Z,19.451,-155.2653333,6.519,2.7,md,8,263,,0.11,hv,hv1283868,2020-03-31T21:05:49.330Z,"3 km WNW of Volcano, Hawaii",earthquake,2.73,1.33,,,reviewed,hv,hv
2000-03-29T07:13:53.010Z,-28.127,-176.309,10,5.8,mwc,,,,0.99,us,usp0009qds,2022-04-29T18:35:54.267Z,"Kermadec Islands region",earthquake,,,,,reviewed,us,hrv
2000-03-29T06:47:27.300Z,51.156,178.725,33,4.4,mb,,,,1.04,us,usp0009qdq,2014-11-07T01:09:45.854Z,"Rat Islands, Aleutian Islands, Alaska",earthquake,,,,22,reviewed,us,us
2000-03-29T06:20:36.800Z,-41.63,172.26,12,3.5,ml,,,,,us,usp0009qdp,2014-11-07T01:09:45.853Z,"56 km ENE of Westport, New Zealand",earthquake,,,,,reviewed,wel,wel
2000-03-29T05:44:18.930Z,55.169,162.548,62.3,4.2,mb,,,,1.11,us,usp0009qdn,2014-11-07T01:09:45.849Z,"117 km S of Ust’-Kamchatsk Staryy, Russia",earthquake,,10.5,,6,reviewed,us,us
2000-03-29T05:34:48.930Z,-17.438,-178.942,557.4,4.3,mb,,,,0.84,us,usp0009qdm,2014-11-07T01:09:45.842Z,"197 km ENE of Levuka, Fiji",earthquake,,18.9,,29,reviewed,us,us
2000-03-29T05:27:26.540Z,22.418,143.392,100,3.6,mb,,,,0.81,us,usp0009qdk,2014-11-07T01:09:45.841Z,"Volcano Islands, Japan region",earthquake,,,,1,reviewed,us,us
2000-03-29T04:22:14.710Z,36.432,31.816,25,3.4,ml,,,,,us,usp0009qdj,2014-11-07T01:09:45.839Z,"18 km S of Türkler, Turkey",earthquake,,,,,reviewed,css,css
2000-03-29T04:05:53.850Z,41.2353333,-123.4326667,38.774,3.12,ml,26,55,0.04595,0.07,nc,nc21088970,2016-12-31T08:26:59.540Z,"36 km NNE of Willow Creek, California",earthquake,0.28,0.35,,3,reviewed,nc,nc
2000-03-29T04:03:44.330Z,32.023,-6.194,10,4,mb,,,,1.12,us,usp0009qdg,2014-11-07T01:09:45.835Z,"37 km SSE of Beni Mellal, Morocco",earthquake,,,,1,reviewed,us,us
2000-03-29T03:57:31.110Z,18.477,120.84,33,3.8,mb,,,,1.47,us,usp0009qdf,2014-11-07T01:09:45.833Z,"10 km SE of Bangui, Philippines",earthquake,,,,1,reviewed,us,us
2000-03-29T03:46:58.560Z,22.35,143.481,100,4.2,mb,,,,0.92,us,usp0009qde,2014-11-07T01:09:45.831Z,"Volcano Islands, Japan region",earthquake,,,,5,reviewed,us,us
2000-03-29T03:42:15.230Z,14.91,-95.041,33,3.7,mb,,,,1.09,us,usp0009qdd,2014-11-07T01:09:45.830Z,"133 km SSE of El Carrizal, Mexico",earthquake,,,,1,reviewed,us,us
2000-03-29T03:15:24.130Z,-20.801,-177.798,450,4.3,mb,,,,1.05,us,usp0009qdc,2014-11-07T01:09:45.827Z,"271 km W of Haveluloto, Tonga",earthquake,,,,9,reviewed,us,us
2000-03-29T03:10:50.700Z,16.029,-98.908,16,4.4,md,,,,,us,usp0009qdb,2014-11-07T01:09:45.824Z,"56 km SSW of Barra de Tecoanapa, Mexico",earthquake,,,,,reviewed,unm,unm
2000-03-29T02:52:42.070Z,22.231,143.652,100,3.9,mb,,,,0.94,us,usp0009qda,2014-11-07T01:09:45.823Z,"Volcano Islands, Japan region",earthquake,,,,2,reviewed,us,us
2000-03-29T02:52:41.000Z,37.16,21.13,5,3.3,md,,,,,us,usp0009qd9,2014-11-07T01:09:45.821Z,"40 km W of Filiatrá, Greece",earthquake,,,,,reviewed,ath,ath
2000-03-29T02:49:31.020Z,13.554,-92.1,33,4.5,mb,,,,1.06,us,usp0009qd8,2014-11-07T01:09:45.818Z,"84 km SSW of Champerico, Guatemala",earthquake,,,,15,reviewed,us,us
2000-03-29T02:06:39.510Z,32.9791667,-115.5543333,12.096,2.7,ml,27,50,0.1536,0.26,ci,ci9145192,2016-04-02T18:12:07.639Z,"2km W of Brawley, CA",earthquake,0.42,1.49,0.156,29,reviewed,ci,ci
2000-03-29T01:15:34.590Z,-27.625,-70.926,33,4.7,mb,,,,1.28,us,usp0009qd7,2014-11-07T01:09:45.815Z,"65 km WSW of Copiapó, Chile",earthquake,,,,5,reviewed,us,us
2000-03-29T00:46:00.840Z,-2.185,133.888,33,4.6,mb,,,,1.39,us,usp0009qd5,2014-11-07T01:09:45.812Z,"147 km S of Manokwari, Indonesia",earthquake,,,,9,reviewed,us,us
2000-03-29T00:45:01.880Z,22.207,143.668,122.9,4.6,mb,,,,1.05,us,usp0009qd4,2014-11-07T01:09:45.808Z,"Volcano Islands, Japan region",earthquake,,12.9,,20,reviewed,us,us
2000-03-29T00:19:29.990Z,34.0231667,-118.9403333,12.175,2.7,ml,33,102,,0.34,ci,ci9145159,2016-04-02T01:29:28.518Z,"12km W of Malibu, CA",earthquake,0.72,0.67,0.27,48,reviewed,ci,ci
2000-03-28T23:40:59.340Z,-6.064,128.872,296.6,4.6,mb,,,,1.13,us,usp0009qd2,2014-11-07T01:09:45.804Z,"272 km SSE of Ambon, Indonesia",earthquake,,9.8,,7,reviewed,us,us
2000-03-28T23:28:47.530Z,-2.639,-75.299,33,4.4,mb,,,,1.11,us,usp0009qd1,2014-11-07T01:09:45.801Z,"156 km NE of Alianza Cristiana, Peru",earthquake,,,,4,reviewed,us,us
2000-03-28T23:10:52.480Z,40.329,-107.839,0,3.1,ml,15,,,0.64,rusms,rusms00001821,2022-06-09T21:12:01.030Z,"Colorado",explosion,,,,,reviewed,us,us
2000-03-28T22:58:49.080Z,22.376,143.413,116.5,3.9,mb,,,,0.95,us,usp0009qd0,2014-11-07T01:09:45.799Z,"Volcano Islands, Japan region",earthquake,,,,2,reviewed,us,us
2000-03-28T22:44:13.700Z,37.15,21.58,7,2.9,md,,,,,us,usp0009qcz,2014-11-07T01:09:45.798Z,"0 km SW of Filiatrá, Greece",earthquake,,,,,reviewed,ath,ath
2000-03-28T22:35:55.240Z,-6.516,103.02,33,4.5,mb,,,,0.99,us,usp0009qcy,2014-11-07T01:09:45.794Z,"275 km WSW of Bandar Lampung, Indonesia",earthquake,,,,13,reviewed,us,us
2000-03-28T22:19:08.390Z,-32.65,-71.775,13.5,3.1,md,,,,,us,usp0009qcx,2014-11-07T01:09:45.793Z,"44 km NNW of Valparaíso, Chile",earthquake,,,,,reviewed,guc,guc
2000-03-28T22:06:46.340Z,22.09,144.118,100,4.7,mb,,,,1.1,us,usp0009qcw,2014-11-07T01:09:45.791Z,"Volcano Islands, Japan region",earthquake,,,,5,reviewed,us,us
2000-03-28T22:00:03.670Z,-7.456,128.093,100,4,mb,,,,1.01,us,usp0009qcv,2014-11-07T01:09:45.789Z,"168 km NE of Lospalos, Timor Leste",earthquake,,,,2,reviewed,us,us
2000-03-28T21:54:51.440Z,33.169,-109.406,0,3.1,ml,9,,,0.45,rusms,rusms00001820,2022-06-09T21:12:01.027Z,"Arizona",explosion,,,,,reviewed,us,us
2000-03-28T21:30:59.590Z,36.0068333,-117.88,1.444,3.3,ml,23,76,,0.18,ci,ci9145145,2016-04-02T04:44:08.616Z,"8km SE of Coso Junction, CA",earthquake,0.38,0.61,0.242,63,reviewed,ci,ci
2000-03-28T21:24:15.680Z,-32.091,-71.589,19.4,3.7,md,,,,,us,usp0009qcs,2014-11-07T01:09:45.784Z,"52 km NW of La Ligua, Chile",earthquake,,,,,reviewed,guc,guc
2000-03-28T21:11:25.630Z,43.699,-105.27,0,3.2,ml,13,,,0.62,rusms,rusms00001819,2022-06-09T21:12:01.024Z,"18 km ESE of Wright, Wyoming",explosion,,,,,reviewed,us,us
2000-03-28T21:06:44.620Z,-11.501,166.503,33,4.3,mb,,,,1.36,us,usp0009qcr,2014-11-07T01:09:45.782Z,"115 km SE of Lata, Solomon Islands",earthquake,,,,5,reviewed,us,us
2000-03-28T21:03:07.280Z,37.6323333,-122.0213333,5.588,3.04,ml,85,27,0.01532,0.09,nc,nc21088951,2022-06-18T00:14:47.769Z,"4 km N of Union City, California",earthquake,0.1,0.23,,10,reviewed,nc,nc
2000-03-28T20:26:46.380Z,30.467,130.707,33,4.1,mb,,,,1.46,us,usp0009qcp,2014-11-07T01:09:45.778Z,"10 km NNE of Koseda, Japan",earthquake,,,,6,reviewed,us,us
2000-03-28T19:23:45.850Z,7.391,-74.643,55.4,4.9,mb,,,,0.7,us,usp0009qcm,2022-04-29T18:35:49.148Z,"27 km ESE of Zaragoza, Colombia",earthquake,,,,49,reviewed,us,us
2000-03-28T19:03:01.470Z,22.221,143.841,100,4.4,mb,,,,0.74,us,usp0009qck,2014-11-07T01:09:45.762Z,"Volcano Islands, Japan region",earthquake,,,,4,reviewed,us,us
2000-03-28T18:59:21.110Z,22.634,93.915,33,4.4,mb,,,,1.1,us,usp0009qcj,2014-11-07T01:09:45.761Z,"31 km E of Hakha, Myanmar",earthquake,,,,1,reviewed,us,us
2000-03-28T18:50:24.510Z,36.0173333,-117.8778333,1.724,3.07,ml,24,78,,0.19,ci,ci9145119,2016-04-01T19:01:23.463Z,"7km ESE of Coso Junction, CA",earthquake,0.45,0.67,0.273,45,reviewed,ci,ci
2000-03-28T18:08:22.810Z,-33.502,-72.315,15.2,3.8,md,,,,,us,usp0009qcg,2014-11-07T01:09:45.757Z,"65 km W of Cartagena, Chile",earthquake,,,,,reviewed,guc,guc
2000-03-28T18:00:48.060Z,36.0016667,-117.8855,2.234,2.54,ml,16,75,0.06606,0.29,ci,ci9145086,2016-04-02T17:31:51.084Z,"7km SE of Coso Junction, CA",earthquake,0.55,0.65,0.333,28,reviewed,ci,ci
2000-03-28T17:59:16.170Z,36.007,-117.8791667,1.489,2.95,ml,24,91,,0.23,ci,ci9145098,2016-04-02T04:44:05.403Z,"8km SE of Coso Junction, CA",earthquake,0.3,0.55,0.352,119,reviewed,ci,ci
2000-03-28T17:58:23.000Z,42.408,1.81,2,2.6,ml,,,,,us,usp0009qce,2014-11-07T01:09:45.753Z,"1 km ESE of Éller, Spain",earthquake,,,,,reviewed,ldg,str
2000-03-28T17:55:49.690Z,35.315,58.23,33,4.9,ms,,,,1.03,us,usp0009qcd,2014-11-07T01:09:45.739Z,"23 km WNW of K?shmar, Iran",earthquake,,,,17,reviewed,us,us
2000-03-28T17:33:25.290Z,-25.935,-179.953,496.6,4.2,mb,,,,0.96,us,usp0009qcc,2014-11-07T01:09:45.734Z,"south of the Fiji Islands",earthquake,,22.7,,11,reviewed,us,us
2000-03-28T17:24:41.440Z,45.036,7.16,14.8,2.5,ml,,,,,us,usp0009qcb,2014-11-07T01:09:45.731Z,"4 km NNE of Roure, Italy",earthquake,,,,,reviewed,gen,gen
2000-03-28T16:40:54.830Z,23.999,94.878,118.8,4.4,mb,,,,1,us,usp0009qca,2014-11-07T01:09:45.729Z,"62 km NE of Mawlaik, Myanmar",earthquake,,13.9,,7,reviewed,us,us
2000-03-28T16:39:10.400Z,-41.73,174.22,15,3.6,ml,,,,,us,usp0009qc9,2014-11-07T01:09:45.727Z,"32 km SE of Blenheim, New Zealand",earthquake,,,,,reviewed,wel,wel
2000-03-28T16:20:06.370Z,22.201,143.889,100,3.3,mb,,,,1.14,us,usp0009qc6,2014-11-07T01:09:45.723Z,"Volcano Islands, Japan region",earthquake,,,,1,reviewed,us,us
2000-03-28T15:51:06.370Z,22.221,143.588,113.5,4.7,mb,,,,0.94,us,usp0009qc5,2014-11-07T01:09:45.714Z,"Volcano Islands, Japan region",earthquake,,,,30,reviewed,us,us
2000-03-28T15:46:26.980Z,22.233,143.542,111.9,4.7,mb,,,,1.02,us,usp0009qc4,2014-11-07T01:09:45.698Z,"Volcano Islands, Japan region",earthquake,,,,23,reviewed,us,us
2000-03-28T15:29:45.000Z,36.77,27.62,5,3.8,md,,,,,us,usp0009qc3,2014-11-07T01:09:45.697Z,"6 km WNW of Datça, Turkey",earthquake,,,,,reviewed,ath,ath
2000-03-28T15:22:51.770Z,36.0208333,-117.8781667,1.684,3.2,ml,24,78,0.06894,0.16,ci,ci9145071,2016-04-01T19:01:21.599Z,"7km ESE of Coso Junction, CA",earthquake,0.34,0.55,0.294,128,reviewed,ci,ci
2000-03-28T15:22:12.020Z,36.0095,-117.8751667,1.964,2.85,ml,24,97,0.06115,0.19,ci,ci9145054,2016-04-02T14:22:18.871Z,"8km ESE of Coso Junction, CA",earthquake,0.41,0.61,0.311,114,reviewed,ci,ci
2000-03-28T15:18:17.190Z,36.0158333,-117.8796667,1.674,3.46,ml,24,98,0.06734,0.19,ci,ci9145053,2016-04-02T14:22:17.273Z,"7km ESE of Coso Junction, CA",earthquake,0.29,0.45,0.191,40,reviewed,ci,ci
2000-03-28T15:16:15.810Z,36.019,-117.8816667,-0.493,4.24,ml,26,61,,0.24,ci,ci9145067,2017-02-09T01:22:37.182Z,"7km ESE of Coso Junction, CA",earthquake,0.3,0.59,0.189,81,reviewed,ci,ci
2000-03-28T15:14:12.840Z,14.902,-61.498,176.4,4.2,mb,,,,0.73,us,usp0009qby,2014-11-07T01:09:45.686Z,"38 km WNW of Saint-Pierre, Martinique",earthquake,,4.4,,1,reviewed,us,us
2000-03-28T15:09:24.270Z,22.323,143.415,107.9,4.9,mb,,,,0.93,us,usp0009qbx,2014-11-07T01:09:45.678Z,"Volcano Islands, Japan region",earthquake,,,,35,reviewed,us,us
2000-03-28T14:48:17.350Z,13.795,146.387,33,4.3,mb,,,,1.34,us,usp0009qbw,2014-11-07T01:09:45.677Z,"153 km SSE of San Jose Village, Northern Mariana Islands",earthquake,,,,2,reviewed,us,us
2000-03-28T14:36:58.630Z,13.914,146.373,33,4.8,mb,,,,1.1,us,usp0009qbt,2014-11-07T01:09:45.671Z,"142 km SE of San Jose Village, Northern Mariana Islands",earthquake,,,,14,reviewed,us,us
2000-03-28T14:32:53.210Z,-2.204,133.92,33,4.9,mb,,,,1.18,us,usp0009qbs,2014-11-07T01:09:45.667Z,"149 km S of Manokwari, Indonesia",earthquake,,,,25,reviewed,us,us
2000-03-28T14:30:13.280Z,-2.242,99.562,33,4.7,mb,,,,1.12,us,usp0009qbr,2014-11-07T01:09:45.665Z,"167 km SSW of Padang, Indonesia",earthquake,,,,3,reviewed,us,us
2000-03-28T14:19:11.880Z,-17.944,-178.491,600,4.2,mb,,,,1.02,us,usp0009qbp,2014-11-07T01:09:45.661Z,"232 km E of Levuka, Fiji",earthquake,,,,9,reviewed,us,us
2000-03-28T13:26:28.500Z,22.225,144.05,100,3.1,mb,,,,1.36,us,usp0009qbm,2014-11-07T01:09:45.659Z,"Volcano Islands, Japan region",earthquake,,,,1,reviewed,us,us
2000-03-28T12:51:02.950Z,22.247,143.725,100,3.3,mb,,,,0.61,us,usp0009qbh,2014-11-07T01:09:45.653Z,"Volcano Islands, Japan region",earthquake,,,,1,reviewed,us,us
2000-03-28T12:48:31.080Z,23.104,143.51,100,3.4,mb,,,,1.19,us,usp0009qbg,2014-11-07T01:09:45.652Z,"Volcano Islands, Japan region",earthquake,,,,1,reviewed,us,us
2000-03-28T12:38:42.800Z,22.168,143.921,100,3.9,mb,,,,1.17,us,usp0009qbe,2014-11-07T01:09:45.649Z,"Volcano Islands, Japan region",earthquake,,,,1,reviewed,us,us
2000-03-28T12:29:47.360Z,22.288,143.727,100,3.4,mb,,,,0.91,us,usp0009qbd,2014-11-07T01:09:45.647Z,"Volcano Islands, Japan region",earthquake,,,,1,reviewed,us,us
2000-03-28T12:29:05.490Z,22.43,143.587,100,3.1,mb,,,,1.04,us,usp0009qbc,2014-11-07T01:09:45.646Z,"Volcano Islands, Japan region",earthquake,,,,1,reviewed,us,us
2000-03-28T12:18:55.450Z,22.286,143.596,100,3.7,mb,,,,1.16,us,usp0009qbb,2014-11-07T01:09:45.644Z,"Volcano Islands, Japan region",earthquake,,,,2,reviewed,us,us
2000-03-28T12:05:25.760Z,22.279,143.677,100,3.2,mb,,,,1.5,us,usp0009qba,2014-11-07T01:09:45.641Z,"Volcano Islands, Japan region",earthquake,,,,1,reviewed,us,us
2000-03-28T12:03:14.080Z,-32.392,-71.469,31.9,3.8,md,,,,,us,usp0009qb9,2014-11-07T01:09:45.637Z,"23 km WNW of La Ligua, Chile",earthquake,,,,,reviewed,guc,guc
2000-03-28T12:02:24.630Z,22.111,143.577,100,3.4,mb,,,,0.81,us,usp0009qb8,2014-11-07T01:09:45.588Z,"Volcano Islands, Japan region",earthquake,,,,2,reviewed,us,us
2000-03-28T11:51:06.360Z,22.297,143.991,100,3.7,mb,,,,1.29,us,usp0009qb7,2014-11-07T01:09:45.571Z,"Volcano Islands, Japan region",earthquake,,,,1,reviewed,us,us
2000-03-28T11:29:07.500Z,-24.056,-66.756,207.9,4.9,mb,,,,0.8,us,usp0009qb6,2014-11-07T01:09:45.561Z,"47 km WNW of San Antonio de los Cobres, Argentina",earthquake,,5.9,,1,reviewed,us,us
2000-03-28T11:00:22.510Z,22.338,143.73,126.5,7.6,mwc,,,,1.22,us,usp0009qb4,2022-04-29T18:35:42.761Z,"Volcano Islands, Japan region",earthquake,,,,,reviewed,us,hrv
2000-03-28T09:32:38.050Z,44.74,4.63,5,2.6,ml,,,,,us,usp0009qb2,2014-11-07T01:09:45.472Z,"0 km NE of Coux, France",earthquake,,,,,reviewed,str,str
2000-03-28T08:39:46.500Z,45.552,6.087,2,2.5,ml,,,,,us,usp0009qb1,2014-11-07T01:09:45.469Z,"2 km N of Cruet, France",earthquake,,,,,reviewed,ldg,ldg
2000-03-28T08:37:12.081Z,64.525,-147.7684,19,2.5,ml,,,,0.74,ak,ak00041o9yq0,2020-02-20T20:10:04.386Z,"31 km S of South Van Horn, Alaska",earthquake,,0.1,,,reviewed,ak,ak
2000-03-28T08:27:44.740Z,-2.091,133.928,33,5.2,mwc,,,,1.13,us,usp0009qaz,2022-04-29T18:35:37.159Z,"136 km S of Manokwari, Indonesia",earthquake,,,,,reviewed,us,hrv
2000-03-28T07:44:47.980Z,-6.231,148.529,33,4,mb,,,,1.08,us,usp0009qax,2014-11-07T01:09:45.458Z,"83 km ENE of Finschhafen, Papua New Guinea",earthquake,,,,3,reviewed,us,us
2000-03-28T06:46:02.205Z,61.5577,-146.2188,14.9,2.5,ml,,,,0.59,ak,ak00041n5070,2020-02-20T20:10:04.829Z,"48 km N of Valdez, Alaska",earthquake,,0.1,,,reviewed,ak,ak
2000-03-28T06:20:57.540Z,-33.882,-70.591,90.6,2.6,md,,,,,us,usp0009qaw,2014-11-07T01:09:45.456Z,"16 km ESE of Paine, Chile",earthquake,,,,,reviewed,guc,guc
2000-03-28T05:33:02.400Z,47.361,7.213,4,3.2,ml,,,,,us,usp0009qav,2014-11-07T01:09:45.449Z,"2 km N of Glovelier, Switzerland",earthquake,,,,,reviewed,ldg,ldg
2000-03-28T05:32:38.730Z,54.505,-161.956,0,4.7,mb,,,,,us,usp0009qau,2020-02-20T20:10:05.578Z,"66 km SSE of King Cove, Alaska",earthquake,,,,20,reviewed,aeic,us
2000-03-28T05:32:29.770Z,18.071,-67.059,27.3,2.6,md,,,,,us,usp0009qat,2014-11-07T01:09:45.440Z,"1 km SW of San Germán, Puerto Rico",earthquake,,,,,reviewed,rspr,rspr
2000-03-28T05:29:51.300Z,47.378,7.159,4,3.3,ml,,,,,us,usp0009qas,2014-11-07T01:09:45.434Z,"3 km SE of Courgenay, Switzerland",earthquake,,,,,reviewed,ldg,ldg
2000-03-28T05:28:20.170Z,34.7825,-116.2983333,3.333,2.81,ml,20,87,,0.15,ci,ci9144966,2016-04-02T04:45:14.753Z,"14km WNW of Ludlow, CA",earthquake,0.35,0.53,0.231,62,reviewed,ci,ci
2000-03-28T04:45:20.490Z,36.512,-113.51,5,3,ml,,,,0.48,us,usp0009qaq,2014-11-07T01:09:45.430Z,"54 km SE of Scenic, Arizona",earthquake,,,,,reviewed,us,us
2000-03-28T04:31:52.480Z,19.4445,-155.2475,18.439,2.53,ml,17,150,,0.12,hv,hv1283791,2020-03-31T21:05:47.610Z,"1 km W of Volcano, Hawaii",earthquake,1.39,0.65,0.14,4,reviewed,hv,hv
2000-03-28T03:45:05.000Z,48.77,-128.82,10,3,ml,,,,,us,usp0009qap,2014-11-07T01:09:45.429Z,"217 km WSW of Tofino, Canada",earthquake,,,,,reviewed,pgc,pgc
2000-03-28T03:09:38.210Z,47.385,7.053,5,3.1,ml,,,,1.35,us,usp0009qak,2014-11-07T01:09:45.417Z,"2 km SW of Fontenais, Switzerland",earthquake,,,,,reviewed,us,ldg
2000-03-28T02:54:17.250Z,-7.482,128.695,126.8,4.3,mb,,,,1.38,us,usp0009qaj,2014-11-07T01:09:45.414Z,"219 km ENE of Lospalos, Timor Leste",earthquake,,8.7,,5,reviewed,us,us
2000-03-28T02:38:31.210Z,13.466,-90.593,33,4.2,mb,,,,1.04,us,usp0009qah,2014-11-07T01:09:45.411Z,"53 km SSE of Iztapa, Guatemala",earthquake,,,,13,reviewed,us,us
2000-03-28T02:29:28.630Z,13.333,-90.836,33,4.5,mb,,,,1.38,us,usp0009qag,2014-11-07T01:09:45.405Z,"65 km S of Puerto San José, Guatemala",earthquake,,,,21,reviewed,us,us
2000-03-28T02:08:48.300Z,-42.16,174.12,23,3.8,ml,,,,,us,usp0009qae,2014-11-07T01:09:45.401Z,"72 km S of Blenheim, New Zealand",earthquake,,,,,reviewed,wel,wel
2000-03-28T01:46:31.250Z,38.359,91.321,33,4.6,mb,,,,0.99,us,usp0009qac,2014-11-07T01:09:45.395Z,"Xinjiang-Qinghai border region, China",earthquake,,,,14,reviewed,us,us
2000-03-28T01:35:51.250Z,17.21,-102.008,33,4.5,mb,,,,1.08,us,usp0009qab,2014-11-07T01:09:45.388Z,"63 km SW of Ixtapa, Mexico",earthquake,,,,29,reviewed,us,us
2000-03-28T01:31:18.800Z,-41.32,174.82,24,2.7,ml,,,,,us,usp0009qaa,2014-11-07T01:09:45.387Z,"5 km ESE of Brooklyn, New Zealand",earthquake,,,,,reviewed,wel,wel
2000-03-28T01:06:01.840Z,51.102,15.785,5,3.4,ml,,,,0.36,us,usp0009qa9,2014-11-07T01:09:45.384Z,"9 km WSW of Z?otoryja, Poland",earthquake,,,,,reviewed,us,vie
2000-03-28T01:05:54.700Z,13.917,-61.098,23,3,md,,,,,us,usp0009qa8,2014-11-07T01:09:45.383Z,"3 km WNW of Canaries, Saint Lucia",earthquake,,,,,reviewed,trn,trn
2000-03-28T00:26:14.140Z,13.305,-90.806,55.1,5.4,mwc,,,,1.08,us,usp0009qa6,2025-12-19T22:42:48.668Z,"68 km S of Puerto San José, Guatemala",earthquake,,4.8,,,reviewed,us,hrv
2000-03-27T23:44:39.890Z,-20.598,-178.425,600,4.3,mb,,,,1.02,us,usp0009qa4,2014-11-07T01:09:45.359Z,"Fiji region",earthquake,,,,7,reviewed,us,us
2000-03-27T22:29:22.770Z,-29.686,-179.339,334.1,4.6,mb,,,,1.38,us,usp0009qa3,2014-11-07T01:09:45.352Z,"Kermadec Islands region",earthquake,,8.5,,22,reviewed,us,us
2000-03-27T22:19:31.000Z,48.66,-128.71,10,3.3,ml,,,,,us,usp0009qa2,2014-11-07T01:09:45.347Z,"212 km WSW of Tofino, Canada",earthquake,,,,,reviewed,pgc,pgc
2000-03-27T22:10:15.100Z,49.361,6.949,1,2.7,ml,,,,,us,usp0009qa1,2014-11-07T01:09:45.343Z,"3 km NNE of Heusweiler, Germany",earthquake,,,,,reviewed,ldg,ldg
2000-03-27T22:05:59.320Z,6.405,126.413,67.6,4.5,mb,,,,1.31,us,usp0009qa0,2014-11-07T01:09:45.339Z,"26 km E of Pondaguitan, Philippines",earthquake,,10.8,,8,reviewed,us,us
2000-03-27T21:50:23.500Z,36.971,-7.169,10,3.6,mblg,,,,0.94,us,usp0009q9y,2014-11-07T01:09:45.331Z,"26 km S of La Antilla, Spain",earthquake,,,,,reviewed,us,mdd
2000-03-27T20:46:35.330Z,-33.057,-70.262,96.9,2.6,md,,,,,us,usp0009q9x,2014-11-07T01:09:45.330Z,"40 km SE of Los Andes, Chile",earthquake,,,,,reviewed,guc,guc
2000-03-27T20:40:33.500Z,38.49,21.54,5,3.2,md,,,,,us,usp0009q9w,2014-11-07T01:09:45.328Z,"4 km S of Gavaloú, Greece",earthquake,,,,,reviewed,ath,ath
2000-03-27T20:24:44.100Z,37.84,19.78,5,3.3,md,,,,,us,usp0009q9v,2014-11-07T01:09:45.327Z,"70 km SW of Lixoúri, Greece",earthquake,,,,,reviewed,ath,ath
2000-03-27T19:45:38.380Z,-19.462,-69.135,150,4.4,mb,,,,0.81,us,usp0009q9u,2014-11-07T01:09:45.326Z,"135 km NE of Iquique, Chile",earthquake,,,,4,reviewed,us,us
2000-03-27T19:41:23.250Z,-32.629,-71.809,13.4,3.6,md,,,,,us,usp0009q9t,2014-11-07T01:09:45.324Z,"48 km NNW of Valparaíso, Chile",earthquake,,,,,reviewed,guc,guc
2000-03-27T19:40:12.330Z,33.199,-109.489,0,2.6,ml,6,,,0.56,rusms,rusms00001815,2022-06-09T21:12:01.013Z,"17 km NW of Morenci, Arizona",explosion,,,,,reviewed,us,us
2000-03-27T18:57:55.240Z,1.604,127.352,132.7,4.5,mb,,,,0.68,us,usp0009q9s,2014-11-07T01:09:45.321Z,"74 km W of Tobelo, Indonesia",earthquake,,7.6,,15,reviewed,us,us
2000-03-27T18:49:56.500Z,38.41,21.91,15,3,md,,,,,us,usp0009q9r,2014-11-07T01:09:45.320Z,"7 km ENE of Náfpaktos, Greece",earthquake,,,,,reviewed,ath,ath
2000-03-27T18:30:17.180Z,-31.521,179.73,450,4.6,mb,,,,1.34,us,usp0009q9q,2014-11-07T01:09:45.313Z,"Kermadec Islands region",earthquake,,,,16,reviewed,us,us
2000-03-27T17:35:00.390Z,-16.193,-172.912,33,5.6,mwc,,,,1.05,us,usp0009q9p,2022-04-29T18:35:35.299Z,"98 km ESE of Hihifo, Tonga",earthquake,,,,,reviewed,us,hrv
2000-03-27T15:57:26.600Z,-39.31,174.93,26,3.7,ml,,,,,us,usp0009q9n,2014-11-07T01:09:45.293Z,"55 km ENE of Eltham, New Zealand",earthquake,,,,,reviewed,wel,wel
2000-03-27T15:41:57.580Z,35.633,27.146,47.5,4,mb,,,,1.34,us,usp0009q9m,2014-11-07T01:09:45.288Z,"15 km NNW of Karpathos, Greece",earthquake,,7.3,,9,reviewed,us,us
2000-03-27T15:21:04.000Z,48.79,-128.8,10,3.6,ml,,,,,us,usp0009q9k,2014-11-07T01:09:45.286Z,"215 km WSW of Tofino, Canada",earthquake,,,,,reviewed,pgc,pgc
2000-03-27T15:17:48.000Z,48.79,-128.72,10,3.4,ml,,,,,us,usp0009q9j,2014-11-07T01:09:45.284Z,"209 km WSW of Tofino, Canada",earthquake,,,,,reviewed,pgc,pgc
2000-03-27T14:39:29.410Z,-5.75,150.971,89.5,4.2,mb,,,,1.18,us,usp0009q9h,2014-11-07T01:09:45.283Z,"94 km ESE of Kimbe, Papua New Guinea",earthquake,,13.8,,6,reviewed,us,us
2000-03-27T14:31:19.250Z,-34.134,-70.067,6.5,3.4,md,,,,,us,usp0009q9g,2014-11-07T01:09:45.281Z,"53 km E of Machalí, Chile",earthquake,,,,,reviewed,guc,guc
2000-03-27T13:44:03.860Z,41.976,15.322,10,3.5,mb,,,,1.3,us,usp0009q9e,2014-11-07T01:09:45.274Z,"13 km NNW of Lesina, Italy",earthquake,,,,2,reviewed,us,us
2000-03-27T13:35:07.970Z,58.7776,-152.848,61.3,2.9,ml,,,,0.61,ak,ak000403pci5,2020-02-20T20:10:08.253Z,"80 km N of Aleneva, Alaska",earthquake,,1.2,,,reviewed,ak,ak
2000-03-27T11:12:12.900Z,11.015,125.289,129.4,3.9,mb,,,,1.03,us,usp0009q9b,2014-11-07T01:09:45.269Z,"15 km SW of Balangiga, Philippines",earthquake,,6.8,,1,reviewed,us,us
2000-03-27T10:43:16.360Z,-33.139,-69.012,14.9,3.4,md,,,,,us,usp0009q9a,2014-11-07T01:09:45.267Z,"32 km SSW of Mendoza, Argentina",earthquake,,,,,reviewed,guc,guc
2000-03-27T10:40:47.700Z,-38.11,177.81,25,3.9,ml,,,,,us,usp0009q99,2014-11-07T01:09:45.266Z,"47 km ESE of Opotiki, New Zealand",earthquake,,,,,reviewed,wel,wel
2000-03-27T10:24:40.270Z,10.983,-62.036,93,3.3,md,,,,,us,usp0009q98,2014-11-07T01:09:45.264Z,"53 km NNE of Güiria, Venezuela",earthquake,,,,,reviewed,trn,trn
2000-03-27T10:21:21.070Z,-19.688,-69.113,125.5,4.2,mb,,,,0.55,us,usp0009q97,2014-11-07T01:09:45.263Z,"Tarapaca, Chile",earthquake,,15.3,,4,reviewed,us,us
2000-03-27T09:54:18.930Z,-5.428,-79.779,76.4,4.5,mb,,,,0.99,us,usp0009q95,2014-11-07T01:09:45.259Z,"19 km WSW of Canchaque, Peru",earthquake,,17.3,,6,reviewed,us,us
2000-03-27T09:45:38.990Z,-8.176,158.02,158.1,4.3,mb,,,,1.08,us,usp0009q94,2014-11-07T01:09:45.257Z,"130 km E of Gizo, Solomon Islands",earthquake,,,,8,reviewed,us,us
2000-03-27T09:02:32.440Z,-32.863,-179.141,33,4.3,mb,,,,0.79,us,usp0009q93,2014-11-07T01:09:45.255Z,"south of the Kermadec Islands",earthquake,,,,2,reviewed,us,us
2000-03-27T08:39:46.010Z,36.574,71.056,224.4,3.6,mb,,,,0.88,us,usp0009q92,2014-11-07T01:09:45.253Z,"37 km SSE of Jurm, Afghanistan",earthquake,,9.5,,3,reviewed,us,us
2000-03-27T08:14:12.810Z,23.228,120.704,33,4.4,mb,,,,1.37,us,usp0009q91,2014-11-07T01:09:45.252Z,"27 km ENE of Yujing, Taiwan",earthquake,,,,1,reviewed,us,us
2000-03-27T07:04:21.420Z,-5.257,154.225,33,4.2,mb,,,,0.42,us,usp0009q8z,2014-11-07T01:09:45.250Z,"182 km NW of Panguna, Papua New Guinea",earthquake,,,,3,reviewed,us,us
2000-03-27T06:25:51.830Z,32.9655,-115.5686667,16.236,2.63,ml,26,68,0.1521,0.22,ci,ci9144804,2016-04-02T04:45:02.020Z,"4km WSW of Brawley, CA",earthquake,0.48,1.41,0.19,27,reviewed,ci,ci
2000-03-27T05:40:00.500Z,-40.39,176.73,33,3.8,ml,,,,,us,usp0009q8y,2014-11-07T01:09:45.248Z,"71 km NE of Castlepoint, New Zealand",earthquake,,,,,reviewed,wel,wel
2000-03-27T05:17:05.470Z,32.9801667,-115.552,10.711,3.78,ml,31,50,0.1531,0.32,ci,ci9144818,2016-04-02T17:32:29.860Z,"2km W of Brawley, CA",earthquake,0.44,1.17,0.156,67,reviewed,ci,ci
2000-03-27T05:15:55.990Z,32.9786667,-115.5681667,13.926,2.61,mc,21,63,0.161,0.29,ci,ci9144795,2016-02-16T02:21:39.638Z,"4km W of Brawley, California",earthquake,0.53,0.99,,36,reviewed,ci,ci
2000-03-27T05:07:21.990Z,32.979,-115.552,14.291,3.82,ml,29,50,,0.32,ci,ci9144808,2016-04-02T07:57:27.268Z,"2km W of Brawley, CA",earthquake,0.43,0.8,0.279,135,reviewed,ci,ci
2000-03-27T05:04:42.110Z,14.758,-92.789,33,3.9,mb,,,,1.28,us,usp0009q8v,2014-11-07T01:09:45.239Z,"35 km SW of Aquiles Serdán, Mexico",earthquake,,,,2,reviewed,us,us
2000-03-27T02:55:34.370Z,31.863,-40.976,10,5.3,mwc,,,,0.74,us,usp0009q8q,2025-12-19T22:42:47.565Z,"northern Mid-Atlantic Ridge",earthquake,,,,,reviewed,us,hrv
2000-03-27T02:30:33.270Z,37.5315,-118.8185,4.207,2.67,md,37,109,0.03784,0.04,nc,nc21088574,2016-12-31T08:22:19.150Z,"9 km WSW of Aspen Springs, California",earthquake,0.22,0.42,0.2,55,reviewed,nc,nc
2000-03-27T01:37:45.055Z,64.4888,-148.9749,17,2.9,ml,,,,0.63,ak,ak0003zwknjd,2020-02-20T20:10:10.646Z,"10 km SE of Nenana, Alaska",earthquake,,0.3,,,reviewed,ak,ak
2000-03-27T00:04:05.570Z,-5.37,151.387,62.5,5.2,mwc,,,,1.22,us,usp0009q8m,2025-12-19T22:42:46.471Z,"139 km E of Kimbe, Papua New Guinea",earthquake,,,,,reviewed,us,hrv
2000-03-26T23:58:12.630Z,-32.788,-70.107,111.5,2.5,md,,,,,us,usp0009q8k,2014-11-07T01:09:45.181Z,"46 km E of Los Andes, Chile",earthquake,,,,,reviewed,guc,guc
2000-03-26T22:42:22.730Z,39.411,76.735,57.6,4.4,mb,,,,0.89,us,usp0009q8j,2014-11-07T01:09:45.175Z,"64 km E of Kashgar, China",earthquake,,,,20,reviewed,us,us
2000-03-26T22:41:59.520Z,-8.079,-75.095,122.3,4.3,mb,,,,0.6,us,usp0009q8h,2014-11-07T01:09:45.174Z,"54 km NW of Campo Verde, Peru",earthquake,,15.1,,3,reviewed,us,us
2000-03-26T22:07:09.150Z,18.696,-66.855,73.8,3.1,md,,,,,us,usp0009q8g,2014-11-07T01:09:45.172Z,"23 km N of Hatillo, Puerto Rico",earthquake,,,,,reviewed,rspr,rspr
2000-03-26T22:05:19.630Z,-32.141,-71.835,10.9,3.6,md,,,,,us,usp0009q8f,2014-11-07T01:09:45.170Z,"66 km WNW of La Ligua, Chile",earthquake,,,,,reviewed,guc,guc
2000-03-26T21:35:42.858Z,59.9533,-153.076,122.5,2.5,ml,,,,0.45,ak,ak0003ykxjjh,2020-02-20T20:10:11.328Z,"60 km ENE of Pedro Bay, Alaska",earthquake,,0.6,,,reviewed,ak,ak
2000-03-26T20:41:22.330Z,39.42,76.801,53.5,4.6,mb,,,,0.92,us,usp0009q8d,2014-11-07T01:09:45.160Z,"70 km E of Kashgar, China",earthquake,,7,,31,reviewed,us,us
2000-03-26T20:04:05.710Z,43.583,-105.606,0,2.8,ml,8,,,0.81,rusms,rusms00001814,2022-06-09T21:12:01.011Z,"20 km SSW of Wright, Wyoming",explosion,,,,,reviewed,us,us
2000-03-26T20:03:32.730Z,34.443,-116.211,4.686,2.61,ml,0,104.7,,0.172,ci,ci9144726,2016-02-16T14:05:27.598Z,"31km S of Ludlow, California",earthquake,,4.94,,160,reviewed,ci,ci
2000-03-26T19:41:32.550Z,48.348,150.07,349.6,3.8,mb,,,,0.63,us,usp0009q8c,2014-11-07T01:09:45.159Z,"northwest of the Kuril Islands",earthquake,,12.9,,3,reviewed,us,us
2000-03-26T19:10:31.220Z,40.306,-107.874,0,2.6,ml,13,,,0.46,rusms,rusms00001813,2022-06-09T21:12:01.009Z,"29 km SE of Maybell, Colorado",explosion,,,,,reviewed,us,us
2000-03-26T18:13:47.710Z,27.345,97.095,33,3.6,mb,,,,1.38,us,usp0009q8a,2014-11-07T01:09:45.156Z,"97 km SE of Hayuliang, India",earthquake,,,,3,reviewed,us,us
2000-03-26T16:04:03.020Z,-32.649,-71.875,23.7,4.3,md,,,,,us,usp0009q87,2014-11-07T01:09:45.151Z,"48 km NNW of Valparaíso, Chile",earthquake,,,,,reviewed,guc,guc
2000-03-26T15:58:34.130Z,30.428,88.247,33,3.8,mb,,,,0.84,us,usp0009q86,2014-11-07T01:09:45.149Z,"144 km NNW of Rikaze, China",earthquake,,,,1,reviewed,us,us
2000-03-26T15:54:25.240Z,-32.643,-71.878,14.3,4.2,md,,,,,us,usp0009q85,2014-11-07T01:09:45.147Z,"49 km NNW of Valparaíso, Chile",earthquake,,,,,reviewed,guc,guc
2000-03-26T14:46:35.400Z,16.624,-95.107,130.5,3.9,md,,,,,us,usp0009q84,2014-11-07T01:09:45.146Z,"7 km ENE of Santo Domingo Chihuitán, Mexico",earthquake,,,,,reviewed,unm,unm
2000-03-26T14:36:36.800Z,39.67,26.28,5,3.4,md,,,,,us,usp0009q83,2014-11-07T01:09:45.145Z,"13 km NW of Ayvac?k, Turkey",earthquake,,,,,reviewed,ath,ath
2000-03-26T14:28:57.650Z,34.836,26.46,91.4,3.7,mb,,,,1,us,usp0009q82,2014-11-07T01:09:45.142Z,"44 km SSE of Palekastro, Greece",earthquake,,6,,6,reviewed,us,us
2000-03-26T14:12:41.120Z,11.561,142.933,33,4.5,mb,,,,1.08,us,usp0009q81,2014-11-07T01:09:45.141Z,"266 km SW of Merizo Village, Guam",earthquake,,,,2,reviewed,us,us
2000-03-26T13:04:29.090Z,35.414,-117.0005,4.969,2.63,ml,20,155,,0.16,ci,ci9144683,2016-04-02T14:23:02.042Z,"33km WNW of Fort Irwin, CA",earthquake,0.48,16.6,0.198,58,reviewed,ci,ci
2000-03-26T12:57:28.070Z,36.624,-9.563,15.5,4,mblg,,,,,us,usp0009q7z,2014-11-07T01:09:45.131Z,"69 km SW of Sagres, Portugal",earthquake,,,,,reviewed,mdd,mdd
2000-03-26T12:28:52.442Z,60.12,-153.5643,161.6,2.6,ml,,,,0.6,ak,ak0003yfj5to,2020-02-20T20:10:12.076Z,"42 km ESE of Port Alsworth, Alaska",earthquake,,2.2,,,reviewed,ak,ak
2000-03-26T11:39:29.990Z,-21.117,68.551,10,4,mb,,,,0.71,us,usp0009q7w,2014-11-07T01:09:45.125Z,"Mid-Indian Ridge",earthquake,,,,2,reviewed,us,us
2000-03-26T11:14:07.350Z,37.488,-118.8391667,1.066,3.17,md,38,78,0.09369,0.05,nc,nc21088426,2016-12-31T08:19:07.370Z,"13 km WSW of Aspen Springs, California",earthquake,0.24,0.95,0.08,71,reviewed,nc,nc
2000-03-26T10:15:26.890Z,-9.465,112.9,33,4.5,mb,,,,1.31,us,usp0009q7q,2014-11-07T01:09:45.114Z,"139 km S of Dampit, Indonesia",earthquake,,,,10,reviewed,us,us
2000-03-26T10:14:02.080Z,-32.683,-71.77,7.2,3.5,md,,,,,us,usp0009q7p,2014-11-07T01:09:45.112Z,"41 km NNW of Valparaíso, Chile",earthquake,,,,,reviewed,guc,guc
2000-03-26T10:08:24.250Z,-32.646,-71.751,8.2,3.5,md,,,,,us,usp0009q7m,2014-11-07T01:09:44.987Z,"44 km NNW of Valparaíso, Chile",earthquake,,,,,reviewed,guc,guc
2000-03-26T09:51:31.710Z,52.712,-174.777,185.7,4.4,mb,,,,0.82,us,usp0009q7k,2020-02-20T20:09:46.456Z,"69 km NW of Atka, Alaska",earthquake,,5.2,,37,reviewed,us,us
2000-03-26T09:38:38.070Z,-32.742,-71.838,11.8,3.8,md,,,,,us,usp0009q7j,2014-11-07T01:09:44.960Z,"37 km NNW of Valparaíso, Chile",earthquake,,,,,reviewed,guc,guc
2000-03-26T09:37:09.280Z,40.487,-29.903,10,4.4,mb,,,,1.29,us,usp0009q7h,2014-11-07T01:09:44.957Z,"155 km NE of Santa Cruz das Flores, Portugal",earthquake,,,,6,reviewed,us,us
2000-03-26T09:26:46.610Z,-10.575,162.175,33,4.3,mb,,,,0.92,us,usp0009q7g,2014-11-07T01:09:44.956Z,"30 km ESE of Kirakira, Solomon Islands",earthquake,,,,6,reviewed,us,us
2000-03-26T09:13:04.690Z,34.781,33.011,15,3,ml,,,,,us,usp0009q7f,2014-11-07T01:09:44.954Z,"8 km NNE of Páno Polemídia, Cyprus",earthquake,,,,,reviewed,css,css
2000-03-26T08:41:56.260Z,-32.696,-71.752,9.1,3.9,md,,,,,us,usp0009q7e,2014-11-07T01:09:44.953Z,"39 km NNW of Valparaíso, Chile",earthquake,,,,,reviewed,guc,guc
2000-03-26T08:32:45.580Z,24.108,-108.688,10,3.8,mb,,,,0.96,us,usp0009q7d,2014-11-07T01:09:44.950Z,"96 km SW of Altata, Mexico",earthquake,,,,9,reviewed,us,us
2000-03-26T08:27:45.790Z,70.876,-13.538,10,4,mb,,,,1.08,us,usp0009q7c,2014-11-07T01:09:44.948Z,"176 km W of Olonkinbyen, Svalbard and Jan Mayen",earthquake,,,,2,reviewed,us,us
2000-03-26T08:18:05.850Z,-32.763,-71.794,13.6,3.4,md,,,,,us,usp0009q7b,2014-11-07T01:09:44.946Z,"33 km NNW of Valparaíso, Chile",earthquake,,,,,reviewed,guc,guc
2000-03-26T08:05:48.350Z,-22.025,-179.742,600,4.8,mb,,,,0.98,us,usp0009q7a,2014-11-07T01:09:44.944Z,"south of the Fiji Islands",earthquake,,,,6,reviewed,us,us
2000-03-26T08:01:36.470Z,12.212,-86.963,89.7,4.4,mb,,,,0.82,us,usp0009q79,2014-11-07T01:09:44.937Z,"26 km SSW of León, Nicaragua",earthquake,,5.1,,17,reviewed,us,us
2000-03-26T07:51:22.270Z,10.808,-62.404,56,2.9,md,,,,,us,usp0009q78,2014-11-07T01:09:44.936Z,"28 km NNW of Güiria, Venezuela",earthquake,,,,,reviewed,trn,trn
2000-03-26T07:34:14.660Z,35.8028333,-117.6501667,3.768,2.99,ml,27,52,0.0447,0.16,ci,ci9144664,2016-04-02T14:23:00.369Z,"20km N of Ridgecrest, CA",earthquake,0.28,0.46,0.208,66,reviewed,ci,ci
2000-03-26T07:16:02.230Z,60.2915,-148.1642,10.7,3,ml,,,,0.77,ak,ak0003ychbbz,2020-02-20T20:10:12.786Z,"26 km NNW of Chenega, Alaska",earthquake,,0.2,,,reviewed,ak,ak
2000-03-26T07:13:18.740Z,10.789,-62.486,82,4.2,mb,,,,0.87,us,usp0009q74,2014-11-07T01:09:44.923Z,"31 km NW of Güiria, Venezuela",earthquake,,,,8,reviewed,us,us
2000-03-26T06:55:14.460Z,-10.824,165.872,33,4.7,mb,,,,1.21,us,usp0009q72,2014-11-07T01:09:44.917Z,"13 km SE of Lata, Solomon Islands",earthquake,,,,13,reviewed,us,us
2000-03-26T06:18:23.280Z,-32.635,-71.794,15,3.8,md,,,,,us,usp0009q6z,2014-11-07T01:09:44.912Z,"47 km NNW of Valparaíso, Chile",earthquake,,,,,reviewed,guc,guc
2000-03-26T05:52:02.590Z,-32.51,-71.743,17.9,3.5,md,,,,,us,usp0009q6w,2014-11-07T01:09:44.907Z,"48 km W of La Ligua, Chile",earthquake,,,,,reviewed,guc,guc
2000-03-26T05:13:30.080Z,46.357,7.328,5,3.1,ml,,,,1.03,us,usp0009q6v,2014-11-07T01:09:44.896Z,"10 km NW of Ayent, Switzerland",earthquake,,,,,reviewed,us,vie
2000-03-26T04:41:03.530Z,-32.707,-71.791,14.4,3.9,md,,,,,us,usp0009q6u,2014-11-07T01:09:44.893Z,"39 km NNW of Valparaíso, Chile",earthquake,,,,,reviewed,guc,guc
2000-03-26T04:30:10.090Z,34.73,33.08,10,2.7,ml,,,,,us,usp0009q6s,2014-11-07T01:09:44.890Z,"2 km WNW of Mouttagiáka, Cyprus",earthquake,,,,,reviewed,css,css
2000-03-26T04:14:09.160Z,-32.684,-71.756,25.2,3.8,md,,,,,us,usp0009q6r,2014-11-07T01:09:44.888Z,"40 km NNW of Valparaíso, Chile",earthquake,,,,,reviewed,guc,guc
2000-03-26T03:39:23.440Z,-32.762,-71.828,26.3,4.2,md,,,,,us,usp0009q6p,2014-11-07T01:09:44.884Z,"35 km NNW of Valparaíso, Chile",earthquake,,,,,reviewed,guc,guc
2000-03-26T03:37:10.000Z,-41.37,172.29,12,3.5,ml,,,,,us,usp0009q6n,2014-11-07T01:09:44.883Z,"63 km W of Wakefield, New Zealand",earthquake,,,,,reviewed,wel,wel
2000-03-26T03:33:16.450Z,18.827,-68.153,76.5,3.5,md,,,,,us,usp0009q6m,2014-11-07T01:09:44.881Z,"37 km NE of Punta Cana, Dominican Republic",earthquake,,,,,reviewed,rspr,rspr
2000-03-26T03:32:36.920Z,-32.684,-71.841,36.8,5.2,mwc,,,,0.97,us,usp0009q6k,2022-04-29T18:35:29.274Z,"43 km NNW of Valparaíso, Chile",earthquake,,5,,,reviewed,us,hrv
2000-03-26T03:29:01.800Z,-32.764,-71.868,25.5,4.4,md,,,,,us,usp0009q6h,2014-11-07T01:09:44.863Z,"37 km NW of Valparaíso, Chile",earthquake,,,,,reviewed,guc,guc
2000-03-26T03:22:29.960Z,19.071,-68.222,35.1,3.5,md,,,,,us,usp0009q6g,2014-11-07T01:09:44.862Z,"57 km NNE of Punta Cana, Dominican Republic",earthquake,,,,,reviewed,rspr,rspr
2000-03-26T03:15:15.700Z,51.178,-178.079,33,4.3,mb,,,,0.99,us,usp0009q6e,2014-11-07T01:09:44.857Z,"126 km SW of Adak, Alaska",earthquake,,,,15,reviewed,us,us
2000-03-26T03:08:17.900Z,37.25,21.07,5,3.1,md,,,,,us,usp0009q6d,2014-11-07T01:09:44.856Z,"46 km WNW of Filiatrá, Greece",earthquake,,,,,reviewed,ath,ath
2000-03-26T03:04:06.720Z,18.606,-67.703,33,4.4,mb,,,,1.1,us,usp0009q6c,2014-11-07T01:09:44.852Z,"56 km WNW of Rincón, Puerto Rico",earthquake,,,,10,reviewed,us,us
2000-03-26T02:43:23.020Z,19.334,-67.596,25,3.6,md,,,,,us,usp0009q6b,2014-11-07T01:09:44.851Z,"106 km NNW of San Antonio, Puerto Rico",earthquake,,,,,reviewed,rspr,rspr
2000-03-26T01:47:41.530Z,-33.895,-70.584,99.7,2.6,md,,,,,us,usp0009q6a,2014-11-07T01:09:44.849Z,"17 km ESE of Paine, Chile",earthquake,,,,,reviewed,guc,guc
2000-03-26T01:23:25.140Z,-58.768,-25.01,33,4,mb,,,,1.18,us,usp0009q69,2014-11-07T01:09:44.847Z,"South Sandwich Islands region",earthquake,,,,3,reviewed,us,us
2000-03-26T01:07:32.690Z,-1.209,-24.263,10,3.6,mb,,,,0.7,us,usp0009q68,2014-11-07T01:09:44.846Z,"central Mid-Atlantic Ridge",earthquake,,,,2,reviewed,us,us
2000-03-26T01:06:59.010Z,-21.038,68.603,10,4.4,mb,,,,1,us,usp0009q67,2014-11-07T01:09:44.844Z,"Mid-Indian Ridge",earthquake,,,,6,reviewed,us,us
2000-03-26T00:10:37.640Z,54.766,-159.759,22.6,4.6,mb,,,,,us,usp0009q66,2020-02-20T20:10:13.901Z,"79 km SE of Sand Point, Alaska",earthquake,,,,28,reviewed,aeic,us
2000-03-26T00:08:58.990Z,34.576,24.409,75.3,3.4,mb,,,,1.24,us,usp0009q65,2014-11-07T01:09:44.833Z,"41 km SE of Kastrí, Greece",earthquake,,10.4,,1,reviewed,us,us
2000-03-25T23:40:51.400Z,48.208,-3.891,5,2.5,md,,,,,us,usp0009q63,2014-11-07T01:09:44.830Z,"6 km WNW of Châteauneuf-du-Faou, France",earthquake,,,,,reviewed,ldg,ldg
2000-03-25T23:30:40.369Z,61.3949,-149.922,39.1,3,ml,,,,0.53,ak,ak0003wyjzhg,2020-02-20T20:10:14.602Z,"4 km NE of Point MacKenzie, Alaska",earthquake,,0.4,,,reviewed,ak,ak
2000-03-25T23:25:08.700Z,35.88,21.86,13,3.2,md,,,,,us,usp0009q61,2014-11-07T01:09:44.825Z,"101 km S of Koróni, Greece",earthquake,,,,,reviewed,ath,ath
2000-03-25T22:58:05.900Z,-16.115,-69.526,219.5,5.3,mwc,,,,1.06,us,usp0009q60,2025-12-19T22:42:45.353Z,"3 km E of Pilcuyo, Peru",earthquake,,,,,reviewed,us,hrv
2000-03-25T21:41:21.420Z,46.776,-122.783,0,3.1,md,5,,,0.16,rusms,rusms00001811,2022-06-09T21:12:01.006Z,"7 km ESE of Bucoda, Washington",explosion,,,,,reviewed,us,us
2000-03-25T20:49:47.140Z,51.632,16.058,5,3.8,ml,,,,1.23,us,usp0009q5z,2014-11-07T01:09:44.802Z,"3 km SSW of G?ogów, Poland",earthquake,,,,,reviewed,us,grf
2000-03-25T20:39:20.060Z,43.02,-0.75,2,2.5,md,,,,,us,usp0009q5y,2014-11-07T01:09:44.799Z,"8 km SSW of Arette, France",earthquake,,,,,reviewed,str,ldg
2000-03-25T20:36:43.300Z,51.648,16.094,5,3.4,ml,,,,1.1,us,usp0009q5x,2014-11-07T01:09:44.795Z,"1 km SSE of G?ogów, Poland",earthquake,,,,,reviewed,us,grf
2000-03-25T20:15:27.990Z,10.368,-62.616,10,4.8,mb,,,,1.15,us,usp0009q5w,2014-11-07T01:09:44.788Z,"41 km WSW of Güiria, Venezuela",earthquake,,,,25,reviewed,us,us
2000-03-25T20:11:44.828Z,38.9309,-117.3532,0,2.5,ml,5,331.22,1.231,0.0546,nn,nn00004748,2018-04-24T22:24:35.628Z,"39 km SW of Kingston, Nevada",earthquake,,0,,,reviewed,nn,nn
2000-03-25T20:11:02.040Z,19.155,-66.625,47.4,3.1,md,,,,,us,usp0009q5v,2014-11-07T01:09:44.787Z,"76 km N of Arecibo, Puerto Rico",earthquake,,,,,reviewed,rspr,rspr
2000-03-25T19:57:47.050Z,19.084,-66.622,55.1,3,md,,,,,us,usp0009q5u,2014-11-07T01:09:44.785Z,"68 km N of Arecibo, Puerto Rico",earthquake,,,,,reviewed,rspr,rspr
2000-03-25T19:23:16.880Z,-41.112,-91.26,10,4.8,mb,,,,1.42,us,usp0009q5t,2014-11-07T01:09:44.783Z,"southeast of Easter Island",earthquake,,,,10,reviewed,us,us
2000-03-25T19:05:44.290Z,-32.576,-71.543,14.8,3.7,md,,,,,us,usp0009q5s,2014-11-07T01:09:44.781Z,"32 km WSW of La Ligua, Chile",earthquake,,,,,reviewed,guc,guc
2000-03-25T18:55:37.090Z,-55.768,-128.56,10,4.8,mb,,,,0.52,us,usp0009q5r,2014-11-07T01:09:44.779Z,"Pacific-Antarctic Ridge",earthquake,,,,1,reviewed,us,us
2000-03-25T18:45:05.770Z,4.571,127.799,33,4.3,mb,,,,0.85,us,usp0009q5p,2014-11-07T01:09:44.776Z,"267 km SE of Pondaguitan, Philippines",earthquake,,,,1,reviewed,us,us
2000-03-25T17:26:31.960Z,-23.356,-70.687,51.4,5.1,mb,,,,1.06,us,usp0009q5n,2014-11-07T01:09:44.772Z,"44 km NW of Antofagasta, Chile",earthquake,,10.2,,17,reviewed,us,us
2000-03-25T16:29:59.000Z,49.43,-127.73,10,3.9,mb,,,,,us,usp0009q5m,2014-11-07T01:09:44.767Z,"118 km SW of Vernon, Canada",earthquake,,,,4,reviewed,pgc,us
2000-03-25T16:24:53.350Z,-16.913,-177.184,33,4.8,mb,,,,1.44,us,usp0009q5k,2014-11-07T01:09:44.762Z,"Fiji region",earthquake,,,,14,reviewed,us,us
2000-03-25T16:22:49.840Z,36.9045,-121.0185,4.493,3.7,mw,91,91,0.127,0.07,nc,nc21088314,2016-12-31T08:16:03.840Z,"22 km SW of Los Banos, California",earthquake,0.19,0.59,,4,reviewed,nc,nc
2000-03-25T16:19:01.500Z,-16.711,-177.521,33,5.3,mwc,,,,1.31,us,usp0009q5h,2025-12-19T22:42:44.217Z,"273 km SSE of Alo, Wallis and Futuna",earthquake,,,,,reviewed,us,hrv
2000-03-25T16:10:28.790Z,38.002,141.426,78.5,4.2,mb,,,,0.97,us,usp0009q5g,2014-11-07T01:09:44.752Z,"47 km SSE of Ishinomaki, Japan",earthquake,,,,12,reviewed,us,us
2000-03-25T15:48:06.110Z,0.853,17.453,10,4,mb,,,,0.96,us,usp0009q5f,2014-11-07T01:09:44.750Z,"108 km SW of Impfondo, Republic of the Congo",earthquake,,,,2,reviewed,us,us
2000-03-25T14:05:53.878Z,60.2001,-151.3014,50.9,3.1,ml,,,,0.73,ak,ak0003wt1r6j,2020-02-20T20:10:16.992Z,"6 km SE of Clam Gulch, Alaska",earthquake,,0.2,,,reviewed,ak,ak
2000-03-25T13:41:18.930Z,32.534,142.618,65.3,4.1,mb,,,,0.68,us,usp0009q5d,2014-11-07T01:09:44.745Z,"Izu Islands, Japan region",earthquake,,16.7,,4,reviewed,us,us
2000-03-25T13:29:51.700Z,31.673,142.406,33,4.6,mb,,,,0.94,us,usp0009q5c,2014-11-07T01:09:44.743Z,"Izu Islands, Japan region",earthquake,,,,7,reviewed,us,us
2000-03-25T13:22:40.670Z,19.263,-67.553,14.8,3.4,md,,,,,us,usp0009q5b,2014-11-07T01:09:44.741Z,"97 km NNW of San Antonio, Puerto Rico",earthquake,,,,,reviewed,rspr,rspr
2000-03-25T13:08:23.710Z,13.816,-91.845,33,4.1,mb,,,,1.42,us,usp0009q5a,2014-11-07T01:09:44.739Z,"53 km S of Champerico, Guatemala",earthquake,,,,1,reviewed,us,us
2000-03-25T12:40:17.200Z,-1.562,-77.749,160.3,4,mb,,,,0.91,us,usp0009q58,2014-11-07T01:09:44.735Z,"28 km ENE of Palora, Ecuador",earthquake,,22.7,,3,reviewed,us,us
2000-03-25T12:23:58.360Z,11.177,-61.808,10,2.9,md,,,,,us,usp0009q57,2014-11-07T01:09:44.734Z,"59 km NNW of Petit Valley, Trinidad and Tobago",earthquake,,,,,reviewed,trn,trn
2000-03-25T11:44:47.090Z,-6.921,144.025,33,3.3,ml,,,,0.88,us,usp0009q56,2014-11-07T01:09:44.733Z,"70 km S of Ialibu, Papua New Guinea",earthquake,,,,,reviewed,us,pmg
2000-03-25T11:26:17.120Z,-2.071,138.409,33,4.5,mb,,,,1.17,us,usp0009q55,2014-11-07T01:09:44.731Z,"254 km WNW of Abepura, Indonesia",earthquake,,,,4,reviewed,us,us
2000-03-25T11:26:01.260Z,15.034,-91.495,164.9,4.4,mb,,,,1.34,us,usp0009q54,2014-11-07T01:09:44.720Z,"6 km SW of San Bartolo, Guatemala",earthquake,,,,34,reviewed,us,us
2000-03-25T11:06:40.413Z,63.5734,-150.9479,13.5,2.7,ml,,,,0.49,ak,ak0003wr9n1l,2020-02-20T20:10:17.417Z,"Central Alaska",earthquake,,0.9,,,reviewed,ak,ak
2000-03-25T10:46:14.230Z,-37.718,50.823,10,4.7,mb,,,,1.02,us,usp0009q50,2014-11-07T01:09:44.711Z,"Southwest Indian Ridge",earthquake,,,,12,reviewed,us,us
2000-03-25T10:18:03.950Z,-7.723,130.681,33,4.8,mb,,,,1.23,us,usp0009q4z,2014-11-07T01:09:44.709Z,"Pulau Pulau Tanimbar, Indonesia",earthquake,,,,9,reviewed,us,us
2000-03-25T09:29:27.489Z,59.0337,-153.16,74.2,2.5,ml,,,,0.49,ak,ak0003wq7ob0,2020-02-20T20:10:17.741Z,"79 km WSW of Nanwalek, Alaska",earthquake,,1,,,reviewed,ak,ak
2000-03-25T09:15:57.000Z,40.07,20.69,5,3.1,md,,,,,us,usp0009q4y,2014-11-07T01:09:44.708Z,"6 km WNW of Kónitsa, Greece",earthquake,,,,,reviewed,ath,ath
2000-03-25T08:03:51.540Z,-32.889,-70.4,110.1,3.8,md,,,,,us,usp0009q4x,2014-11-07T01:09:44.705Z,"19 km ESE of Los Andes, Chile",earthquake,,,,,reviewed,guc,guc
2000-03-25T07:55:03.260Z,19.583,-68.147,25,3.8,md,,,,,us,usp0009q4w,2014-11-07T01:09:44.704Z,"114 km NNE of Punta Cana, Dominican Republic",earthquake,,,,,reviewed,rspr,rspr
2000-03-25T06:30:06.870Z,-55.706,-30.036,33,4.4,mb,,,,0.8,us,usp0009q4u,2014-11-07T01:09:44.701Z,"South Sandwich Islands region",earthquake,,,,1,reviewed,us,us
2000-03-25T06:18:23.850Z,12.241,-87.945,81.9,4.3,mb,,,,1.14,us,usp0009q4t,2014-11-07T01:09:44.698Z,"77 km SW of Jiquilillo, Nicaragua",earthquake,,17.7,,5,reviewed,us,us
2000-03-25T06:13:27.755Z,37.376,-117.1212,5.7,2.9,ml,23,198.3,0.132,0.1307,nn,nn00004739,2018-04-24T22:24:34.758Z,"38 km SSE of Goldfield, Nevada",earthquake,,2.3,,,reviewed,nn,nn
2000-03-25T05:18:50.218Z,58.8845,-154.6086,124.3,4.2,mb,,,,0.59,ak,ak0003wnrmrh,2020-02-20T20:10:18.753Z,"62 km S of Kokhanok, Alaska",earthquake,,1.7,,,reviewed,ak,ak
2000-03-25T04:47:58.520Z,15.864,147.181,33,4.7,mb,,,,1,us,usp0009q4r,2014-11-07T01:09:44.689Z,"169 km ENE of Saipan, Northern Mariana Islands",earthquake,,,,17,reviewed,us,us
2000-03-25T03:51:37.270Z,32.172,-115.0685,5.963,2.81,mc,10,243,0.57,0.38,ci,ci7183296,2016-02-16T16:34:26.041Z,"7km WSW of Estacion Coahuila, B.C., MX",earthquake,4.1,31.61,,8,reviewed,ci,ci
2000-03-25T03:38:06.590Z,36.9036667,-121.0193333,3.903,2.97,md,77,134,0.127,0.05,nc,nc21088245,2016-12-31T08:14:31.710Z,"22 km SW of Los Banos, California",earthquake,0.16,0.72,0.1,160,reviewed,nc,nc
2000-03-25T03:20:25.740Z,51.377,-178.448,33,4.3,mb,,,,1.01,us,usp0009q4p,2020-02-20T20:09:46.774Z,"137 km WSW of Adak, Alaska",earthquake,,,,36,reviewed,us,us
2000-03-25T02:05:32.340Z,-18.256,-178.672,656.2,4.3,mb,,,,0.74,us,usp0009q4m,2014-11-07T01:09:44.663Z,"213 km E of Levuka, Fiji",earthquake,,18.5,,23,reviewed,us,us
2000-03-25T01:56:47.820Z,-15.602,-74.115,68,4.6,mb,,,,1.05,us,usp0009q4k,2014-11-07T01:09:44.661Z,"6 km NNW of Tocota, Peru",earthquake,,,,2,reviewed,us,us
2000-03-25T01:42:46.460Z,45.254,14.882,10,2.8,ml,,,,1.06,us,usp0009q4j,2014-11-07T01:09:44.659Z,"7 km SSE of Mrkopalj, Croatia",earthquake,,,,,reviewed,us,vie
2000-03-25T01:36:57.610Z,41.971,-126.195,10,3.6,mw,,,,0.73,us,usp0009q4h,2016-12-31T08:13:54.135Z,"152 km WSW of Pistol River, Oregon",earthquake,,,,,reviewed,us,brk
2000-03-25T01:12:32.290Z,33.927,-116.313,3.113,2.94,ml,0,52.6,,0.173,ci,ci7183281,2016-02-17T11:59:02.318Z,"14km NNE of Thousand Palms, California",earthquake,,0.334,,10,reviewed,ci,ci
2000-03-25T00:09:46.640Z,11,-62.259,77,3.6,md,,,,,us,usp0009q4f,2014-11-07T01:09:44.650Z,"46 km N of Güiria, Venezuela",earthquake,,,,,reviewed,trn,trn
2000-03-24T22:55:41.340Z,-7.034,129.489,149.2,4.6,mb,,,,1.2,us,usp0009q4d,2014-11-07T01:09:44.647Z,"Kepulauan Babar, Indonesia",earthquake,,19.5,,3,reviewed,us,us
2000-03-24T21:10:52.140Z,32.986,-109.276,0,2.9,ml,6,,,0.63,rusms,rusms00001810,2022-06-09T21:12:01.004Z,"Arizona",explosion,,,,,reviewed,us,us
2000-03-24T20:21:38.214Z,58.4847,-155.8112,148.2,3.6,ml,,,,1.04,ak,ak0003v96ekd,2020-02-20T20:10:20.183Z,"54 km ESE of King Salmon, Alaska",earthquake,,2.3,,,reviewed,ak,ak
2000-03-24T20:04:25.180Z,43.619,-105.464,0,3,ml,14,,,0.93,rusms,rusms00001809,2022-06-09T21:12:01.001Z,"14 km S of Wright, Wyoming",explosion,,,,,reviewed,us,us
2000-03-24T19:17:56.190Z,43.409,-105.285,0,2.8,ml,7,,,0.97,rusms,rusms00001808,2022-06-09T21:12:01.000Z,"41 km SSE of Wright, Wyoming",explosion,,,,,reviewed,us,us
2000-03-24T18:55:52.930Z,34.527,-116.289,-0.232,2.66,ml,0,57.4,,0.159,ci,ci9144443,2016-02-16T09:21:44.913Z,"25km SSW of Ludlow, California",earthquake,,0.436,,145,reviewed,ci,ci
2000-03-24T18:41:24.540Z,6.817,-72.941,165.9,4.3,mb,,,,0.81,us,usp0009q4a,2014-11-07T01:09:44.636Z,"7 km NNE of Cepitá, Colombia",earthquake,,11.2,,15,reviewed,us,us
2000-03-24T18:21:24.790Z,51.369,16.221,5,3.5,ml,,,,1.09,us,usp0009q49,2014-11-07T01:09:44.633Z,"0 km WNW of Osiek, Poland",earthquake,,,,,reviewed,us,vie
2000-03-24T17:58:30.800Z,18.907,-95.579,26.7,4.1,md,,,,,us,usp0009q48,2014-11-07T01:09:44.631Z,"23 km NE of Paso Nacional, Mexico",earthquake,,,,,reviewed,unm,unm
2000-03-24T17:35:43.410Z,34.85,33.075,5,2.5,ml,,,,,us,usp0009q47,2014-11-07T01:09:44.630Z,"11 km ESE of Peléndri, Cyprus",earthquake,,,,,reviewed,css,css
2000-03-24T15:42:28.344Z,51.2734,-174.6433,25,2.5,ml,,,,0.27,ak,ak0003v6bpte,2020-02-20T20:09:47.082Z,"107 km SSW of Atka, Alaska",earthquake,,9.1,,,reviewed,ak,ak
2000-03-24T15:07:13.400Z,-4.503,134.822,33,4.2,mb,,,,1.5,us,usp0009q46,2014-11-07T01:09:44.628Z,"147 km SSW of Nabire, Indonesia",earthquake,,,,3,reviewed,us,us
2000-03-24T14:55:55.450Z,51.523,-174.615,33,4.2,mb,,,,1.17,us,usp0009q45,2020-02-20T20:09:48.312Z,"80 km SSW of Atka, Alaska",earthquake,,,,8,reviewed,us,us
2000-03-24T14:34:26.386Z,51.3794,-174.431,27,3,ml,,,,0.45,ak,ak0003v5okby,2020-02-20T20:09:47.691Z,"92 km S of Atka, Alaska",earthquake,,6.9,,,reviewed,ak,ak
2000-03-24T14:31:27.600Z,51.513,-174.578,33,4.7,mb,,,,0.89,us,usp0009q44,2020-02-20T20:09:47.392Z,"80 km SSW of Atka, Alaska",earthquake,,,,63,reviewed,us,us
2000-03-24T14:13:16.740Z,24.442,122.27,64.9,4.1,mb,,,,1.11,us,usp0009q43,2014-11-07T01:09:44.612Z,"62 km SE of Yilan, Taiwan",earthquake,,10.4,,7,reviewed,us,us
2000-03-24T14:00:23.880Z,35.716,136.998,33,4.2,mb,,,,1.36,us,usp0009q41,2014-11-07T01:09:44.607Z,"4 km ESE of Guj?, Japan",earthquake,,,,7,reviewed,us,us
2000-03-24T12:40:44.480Z,42.069,-125.663,10,3.4,mb,,,,0.51,us,usp0009q3v,2016-12-31T08:12:13.355Z,"107 km WSW of Pistol River, Oregon",earthquake,,,,1,reviewed,us,us
2000-03-24T12:21:03.260Z,-33.316,-71.964,15.3,3.5,md,,,,,us,usp0009q3u,2014-11-07T01:09:44.594Z,"42 km NW of Cartagena, Chile",earthquake,,,,,reviewed,guc,guc
2000-03-24T12:16:09.750Z,-33.308,-71.968,13.1,3.6,md,,,,,us,usp0009q3t,2014-11-07T01:09:44.592Z,"43 km NW of Cartagena, Chile",earthquake,,,,,reviewed,guc,guc
2000-03-24T12:07:46.260Z,1.189,126.311,42.2,4.4,mb,,,,0.83,us,usp0009q3s,2014-11-07T01:09:44.590Z,"127 km WNW of Ternate, Indonesia",earthquake,,13.4,,6,reviewed,us,us
2000-03-24T12:07:39.790Z,-33.307,-71.97,22.5,4.2,md,,,,,us,usp0009q3r,2014-11-07T01:09:44.587Z,"43 km NW of Cartagena, Chile",earthquake,,,,,reviewed,guc,guc
2000-03-24T11:58:38.500Z,6.041,125.887,160.9,4.4,mb,,,,0.99,us,usp0009q3q,2014-11-07T01:09:44.584Z,"21 km ESE of Lamitan, Philippines",earthquake,,8.6,,6,reviewed,us,us
2000-03-24T11:28:07.800Z,37.13,22.18,5,2.9,md,,,,,us,usp0009q3p,2014-11-07T01:09:44.583Z,"11 km NNE of Kalamata, Greece",earthquake,,,,,reviewed,ath,ath
2000-03-24T11:02:37.200Z,0.2,119.658,33,4.7,mb,,,,0.97,us,usp0009q3n,2014-11-07T01:09:44.580Z,"124 km N of Palu, Indonesia",earthquake,,,,14,reviewed,us,us
2000-03-24T11:02:01.760Z,0.038,123.728,150.8,4.1,mb,,,,1.52,us,usp0009q3m,2014-11-07T01:09:44.579Z,"92 km SE of Gorontalo, Indonesia",earthquake,,40.8,,3,reviewed,us,us
2000-03-24T10:43:09.650Z,11.515,142.486,62.2,4.1,mb,,,,1.08,us,usp0009q3j,2014-11-07T01:09:44.576Z,"289 km NE of Fais, Micronesia",earthquake,,21.2,,2,reviewed,us,us
2000-03-24T08:23:26.250Z,38.8386667,-122.7991667,0.56,2.8,md,52,28,0.03063,0.04,nc,nc21088111,2016-12-31T08:11:21.010Z,"6 km WNW of Cobb, California",earthquake,0.08,0.25,0.14,53,reviewed,nc,nc
2000-03-24T07:46:37.380Z,-33.349,-71.878,4.2,3.5,md,,,,,us,usp0009q3f,2014-11-07T01:09:44.572Z,"33 km NW of Cartagena, Chile",earthquake,,,,,reviewed,guc,guc
2000-03-24T07:39:38.260Z,25.891,142.501,33,3.3,mb,,,,0.92,us,usp0009q3e,2014-11-07T01:09:44.570Z,"Volcano Islands, Japan region",earthquake,,,,1,reviewed,us,us
2000-03-24T06:18:54.110Z,-33.315,-71.913,9.5,3.8,md,,,,,us,usp0009q3d,2014-11-07T01:09:44.568Z,"38 km NW of Cartagena, Chile",earthquake,,,,,reviewed,guc,guc
2000-03-24T06:06:19.380Z,-33.267,-71.981,33,4.2,mb,,,,0.93,us,usp0009q3c,2014-11-07T01:09:44.559Z,"41 km SW of Valparaíso, Chile",earthquake,,,,7,reviewed,us,us
2000-03-24T05:37:31.620Z,42.427,139.053,23.5,4.4,mb,,,,0.96,us,usp0009q3a,2014-11-07T01:09:44.412Z,"133 km WSW of Iwanai, Japan",earthquake,,,,11,reviewed,us,us
2000-03-24T04:23:45.750Z,27.551,-111.303,10,5.6,mwc,,,,1.35,us,usp0009q39,2022-04-29T19:02:52.631Z,"51 km SSW of San Carlos, Mexico",earthquake,,,,,reviewed,us,hrv
2000-03-24T04:23:22.703Z,61.7206,-149.967,42,2.5,ml,,,,0.7,ak,ak0003uznv4e,2020-02-20T20:10:22.283Z,"4 km SE of Willow, Alaska",earthquake,,0.2,,,reviewed,ak,ak
2000-03-24T03:08:32.326Z,61.1229,-141.3332,1.6,2.5,ml,,,,1.22,ak,ak0003uyz8io,2020-02-20T20:10:23.667Z,"91 km ESE of McCarthy, Alaska",earthquake,,1.1,,,reviewed,ak,ak
2000-03-24T02:05:54.700Z,38.7058333,-112.4418333,7.06,2.75,ml,10,79,0.2703,0.28,uu,uu50197255,2018-08-28T17:40:34.970Z,"10 km S of Kanosh, Utah",earthquake,0.88,4.12,,6,reviewed,uu,uu
2000-03-24T01:57:01.900Z,-2.187,120.8,33,4.7,mb,,,,1.22,us,usp0009q33,2014-11-07T01:09:44.368Z,"87 km S of Poso, Indonesia",earthquake,,,,13,reviewed,us,us
2000-03-24T01:13:40.060Z,-7.953,155.386,33,4.3,mb,,,,0.63,us,usp0009q30,2014-11-07T01:09:44.363Z,"161 km W of Gizo, Solomon Islands",earthquake,,,,5,reviewed,us,us
2000-03-24T01:13:14.890Z,38.7196667,-112.4393333,8.66,2.6,ml,9,81,0.2916,0.19,uu,uu50197230,2018-08-28T17:40:31.690Z,"9 km S of Kanosh, Utah",earthquake,0.69,1.45,,2,reviewed,uu,uu
2000-03-24T01:08:26.940Z,38.7316667,-112.4545,2.33,2.58,ml,10,69,0.3085,0.23,uu,uu50197225,2018-08-28T17:40:31.020Z,"7 km S of Kanosh, Utah",earthquake,0.68,6.72,,2,reviewed,uu,uu
2000-03-24T01:04:23.950Z,38.7221667,-112.4613333,4.24,3.04,ml,13,66,0.3057,0.21,uu,uu50197215,2018-08-28T17:40:29.700Z,"9 km SSW of Kanosh, Utah",earthquake,0.48,2.47,,6,reviewed,uu,uu
2000-03-24T00:23:46.820Z,36.61,-108.496,0,2.7,ml,10,,,0.67,rusms,rusms00001806,2022-06-09T21:12:00.996Z,"14 km SW of Ojo Amarillo, New Mexico",explosion,,,,,reviewed,us,us
2000-03-23T23:05:52.570Z,-26.782,-114.229,10,5.3,mwc,,,,0.74,us,usp0009q2t,2025-12-19T22:42:43.053Z,"Easter Island region",earthquake,,,,,reviewed,us,hrv
2000-03-23T22:24:27.410Z,-26.533,-114.104,10,4.7,mb,,,,1.05,us,usp0009q2s,2014-11-07T01:09:44.341Z,"Easter Island region",earthquake,,,,15,reviewed,us,us
2000-03-23T21:53:16.050Z,34.6183333,-116.2678333,1.671,2.89,ml,26,56,,0.15,ci,ci9144289,2016-04-02T17:30:14.921Z,"15km SW of Ludlow, CA",earthquake,0.27,0.74,0.2,63,reviewed,ci,ci
2000-03-23T21:20:00.840Z,45.275,14.504,10,2.5,ml,,,,1.14,us,usp0009q2p,2014-11-07T01:09:44.335Z,"4 km SSW of Bakar, Croatia",earthquake,,,,,reviewed,us,vie
2000-03-23T21:13:12.800Z,33.052,-109.322,0,3,ml,7,,,0.7,rusms,rusms00001803,2022-06-09T21:12:00.985Z,"2 km W of Clifton, Arizona",explosion,,,,,reviewed,us,us
2000-03-23T21:07:58.880Z,44.019,-105.552,0,2.6,ml,7,,,0.72,rusms,rusms00001802,2022-06-09T21:12:00.983Z,"23 km SSW of Antelope Valley-Crestview, Wyoming",explosion,,,,,reviewed,us,us
2000-03-23T20:29:39.920Z,12.608,-88.16,59.7,4.3,mb,,,,1.32,us,usp0009q2m,2014-11-07T01:09:44.329Z,"66 km S of Intipucá, El Salvador",earthquake,,,,17,reviewed,us,us
2000-03-23T19:59:14.100Z,47.025,-0.191,3,2.8,ml,,,,,us,usp0009q2k,2014-11-07T01:09:44.325Z,"1 km NNW of Louzy, France",earthquake,,,,,reviewed,ldg,str
2000-03-23T19:46:16.160Z,4.948,125.733,132,4.7,mb,,,,1.11,us,usp0009q2j,2014-11-07T01:09:44.320Z,"58 km SSE of Sarangani, Philippines",earthquake,,5.9,,19,reviewed,us,us
2000-03-23T19:37:16.310Z,54.031,161.518,33,4.5,mb,,,,1.31,us,usp0009q2h,2014-11-07T01:09:44.317Z,"202 km ESE of Mil’kovo, Russia",earthquake,,,,16,reviewed,us,us
2000-03-23T18:57:21.880Z,-6.998,154.832,33,4.8,mb,,,,1.06,us,usp0009q2g,2014-11-07T01:09:44.313Z,"104 km SW of Panguna, Papua New Guinea",earthquake,,,,24,reviewed,us,us
2000-03-23T16:58:49.320Z,-1.362,-76.398,33,4.3,mb,,,,1.04,us,usp0009q2f,2014-11-07T01:09:44.310Z,"110 km SE of Boca Suno, Ecuador",earthquake,,,,11,reviewed,us,us
2000-03-23T14:15:17.690Z,51.821,170.724,33,5.3,mwc,,,,0.84,us,usp0009q2c,2025-12-19T22:42:41.952Z,"202 km SW of Attu Station, Alaska",earthquake,,,,,reviewed,us,hrv
2000-03-23T14:09:34.850Z,35.3546667,-116.8931667,1.017,2.62,ml,19,156,0.08886,0.15,ci,ci9144213,2016-04-02T17:29:39.843Z,"22km WNW of Fort Irwin, CA",earthquake,0.48,0.96,0.248,50,reviewed,ci,ci
2000-03-23T13:39:24.720Z,40.3521667,-124.2188333,28.05,3.23,ml,16,156,0.1,0.07,nc,nc21088010,2016-12-31T08:08:39.590Z,"17 km SW of Scotia, California",earthquake,0.63,0.98,,4,reviewed,nc,nc
2000-03-23T13:04:42.610Z,-9.579,119.913,33,4,mb,,,,1.24,us,usp0009q2a,2014-11-07T01:09:44.280Z,"39 km WNW of Waingapu, Indonesia",earthquake,,,,2,reviewed,us,us
2000-03-23T11:41:33.620Z,48.011,153.06,142.4,4.9,mb,,,,0.8,us,usp0009q28,2014-11-07T01:09:44.262Z,"Kuril Islands",earthquake,,,,85,reviewed,us,us
2000-03-23T11:11:06.991Z,62.9381,-149.5748,81.3,2.5,ml,,,,0.63,ak,ak0003tg7y23,2020-02-20T20:10:26.523Z,"59 km SSW of Cantwell, Alaska",earthquake,,0.2,,,reviewed,ak,ak
2000-03-23T10:06:57.563Z,61.8482,-149.5573,6.3,2.8,ml,,,,0.79,ak,ak0003tfljrw,2020-02-20T20:10:27.763Z,"20 km NW of Fishhook, Alaska",earthquake,,0.2,,,reviewed,ak,ak
2000-03-23T09:52:59.011Z,61.8594,-149.542,6.7,3,ml,,,,0.74,ak,ak0003tf9z7x,2020-02-20T20:10:28.174Z,"20 km NW of Fishhook, Alaska",earthquake,,0.2,,,reviewed,ak,ak
2000-03-23T08:06:03.270Z,51.237,15.955,5,3.1,ml,,,,0.99,us,usp0009q23,2014-11-07T01:09:44.252Z,"4 km SSE of Chojnów, Poland",earthquake,,,,,reviewed,us,vie
2000-03-23T07:40:15.170Z,-34.547,-71.107,42,3.5,md,,,,,us,usp0009q22,2014-11-07T01:09:44.250Z,"12 km SSW of San Vicente de Tagua Tagua, Chile",earthquake,,,,,reviewed,guc,guc
2000-03-23T07:22:31.700Z,13.759,-91.433,33,4.6,mb,,,,1.16,us,usp0009q21,2014-11-07T01:09:44.245Z,"50 km SSW of Nueva Concepción, Guatemala",earthquake,,,,17,reviewed,us,us
2000-03-23T06:26:17.410Z,38.838,-122.8815,2.902,2.56,md,47,29,0.03784,0.06,nc,nc21087946,2016-12-31T08:07:54.210Z,"12 km ENE of Cloverdale, California",earthquake,0.11,0.36,0.09,49,reviewed,nc,nc
2000-03-23T05:03:38.280Z,12.591,57.926,10,4.6,mb,,,,1.4,us,usp0009q1z,2014-11-07T01:09:44.240Z,"Owen Fracture Zone region",earthquake,,,,4,reviewed,us,us
2000-03-23T04:41:45.340Z,-21.303,-68.14,143.3,4.4,mb,,,,1.15,us,usp0009q1y,2014-11-07T01:09:44.238Z,"151 km NNE of Calama, Chile",earthquake,,12.8,,9,reviewed,us,us
2000-03-23T03:14:14.580Z,26.228,125.076,210.4,4.3,mb,,,,0.75,us,usp0009q1x,2014-11-07T01:09:44.236Z,"159 km N of Hirara, Japan",earthquake,,6.9,,1,reviewed,us,us
2000-03-23T03:09:19.510Z,38.128,23.763,33,3.9,mb,,,,1.26,us,usp0009q1w,2014-11-07T01:09:44.229Z,"0 km ESE of Thrakomakedónes, Greece",earthquake,,,,19,reviewed,us,us
2000-03-23T02:47:09.023Z,58.9713,-154.1428,115.3,2.6,ml,,,,0.44,ak,ak0003tb2rjq,2020-02-20T20:10:29.900Z,"63 km SE of Kokhanok, Alaska",earthquake,,0.6,,,reviewed,ak,ak
2000-03-23T02:20:40.243Z,62.1613,-148.1696,38.1,3,ml,,,,0.53,ak,ak0003tax1mg,2020-02-20T20:10:30.292Z,"43 km NNE of Chickaloon, Alaska",earthquake,,0.2,,,reviewed,ak,ak
2000-03-23T01:47:03.095Z,54.4497,-161.1088,13.1,2.7,ml,,,,0.93,ak,ak0003tahbhh,2020-02-20T20:10:30.683Z,"103 km SE of King Cove, Alaska",earthquake,,1.9,,,reviewed,ak,ak
2000-03-23T01:13:00.580Z,-21.163,-68.714,135.3,4.6,mb,,,,1.29,us,usp0009q1t,2014-11-07T01:09:44.222Z,"144 km N of Calama, Chile",earthquake,,14.8,,7,reviewed,us,us
2000-03-23T00:16:43.400Z,16.1,-98.802,16.1,3.9,md,,,,,us,usp0009q1s,2014-11-07T01:09:44.220Z,"45 km SW of Montecillos, Mexico",earthquake,,,,,reviewed,unm,unm
2000-03-22T23:38:05.590Z,-22.35,-179.951,680,4.1,mb,,,,0.43,us,usp0009q1r,2014-11-07T01:09:44.217Z,"south of the Fiji Islands",earthquake,,36,,4,reviewed,us,us
2000-03-22T23:32:26.460Z,-14.558,167.273,168.7,5.5,mwc,,,,1.02,us,usp0009q1q,2022-04-29T18:35:17.833Z,"57 km NNE of Port-Olry, Vanuatu",earthquake,,,,,reviewed,us,hrv
2000-03-22T23:21:20.088Z,59.3564,-153.0894,79.1,3,ml,,,,0.99,ak,ak0003rzvyzs,2020-02-20T20:10:30.990Z,"66 km W of Nanwalek, Alaska",earthquake,,0.3,,,reviewed,ak,ak
2000-03-22T23:06:51.860Z,40.297,-107.852,0,2.8,ml,13,,,0.75,rusms,rusms00001798,2022-06-09T21:12:00.968Z,"29 km N of Meeker, Colorado",explosion,,,,,reviewed,us,us
2000-03-22T22:53:47.980Z,-6.026,147.139,62.2,4.5,mb,,,,1.34,us,usp0009q1n,2014-11-07T01:09:44.183Z,"78 km NNE of Lae, Papua New Guinea",earthquake,,16.6,,5,reviewed,us,us
2000-03-22T22:03:28.550Z,43.643,147.45,33,4.5,mb,,,,1.05,us,usp0009q1m,2014-11-07T01:09:44.180Z,"61 km ESE of Shikotan, Russia",earthquake,,,,16,reviewed,us,us
2000-03-22T21:16:30.300Z,32.945,-109.224,0,2.6,ml,6,,,0.45,rusms,rusms00001796,2022-06-09T21:12:00.964Z,"6 km NNW of York, Arizona",explosion,,,,,reviewed,us,us
2000-03-22T19:52:39.700Z,36.421,71.409,96.8,4.3,mb,,,,1.45,us,usp0009q1j,2014-11-07T01:09:44.176Z,"31 km SSW of Ashk?sham, Afghanistan",earthquake,,14.7,,1,reviewed,us,us
2000-03-22T19:48:09.260Z,51.288,157.014,33,4.3,mb,,,,1.42,us,usp0009q1h,2014-11-07T01:09:44.173Z,"42 km ESE of Ozernovskiy, Russia",earthquake,,,,5,reviewed,us,us
2000-03-22T19:39:01.420Z,-49.447,117.228,10,4.9,mb,,,,1.25,us,usp0009q1g,2014-11-07T01:09:44.170Z,"western Indian-Antarctic Ridge",earthquake,,,,4,reviewed,us,us
2000-03-22T19:24:07.630Z,-3.296,142.936,33,4.9,mb,,,,1.16,us,usp0009q1f,2014-11-07T01:09:44.166Z,"67 km ESE of Aitape, Papua New Guinea",earthquake,,,,10,reviewed,us,us
2000-03-22T19:22:56.390Z,-33.981,-71.206,62.7,2.9,md,,,,,us,usp0009q1e,2014-11-07T01:09:44.164Z,"32 km S of Melipilla, Chile",earthquake,,,,,reviewed,guc,guc
2000-03-22T19:03:57.410Z,44.225,140.061,242.4,3.9,mb,,,,1.08,us,usp0009q1d,2014-11-07T01:09:44.162Z,"127 km NNW of Yoichi, Japan",earthquake,,9.5,,4,reviewed,us,us
2000-03-22T19:01:38.300Z,38.11,23.27,5,2.7,ml,,,,,us,usp0009q1c,2014-11-07T01:09:44.161Z,"8 km SW of Vília, Greece",earthquake,,,,,reviewed,ath,ath
2000-03-22T18:10:44.090Z,33.057,-109.363,0,2.8,ml,10,,,0.63,rusms,rusms00001795,2022-06-09T21:12:00.962Z,"2 km S of Morenci, Arizona",explosion,,,,,reviewed,us,us
2000-03-22T17:46:59.090Z,-32.278,-69.421,166.4,2.9,md,,,,,us,usp0009q1b,2014-11-07T01:09:44.159Z,"87 km NW of Mendoza, Argentina",earthquake,,,,,reviewed,guc,guc
2000-03-22T15:51:32.110Z,34.6281667,-116.2713333,1.931,2.91,ml,26,61,,0.14,ci,ci9144023,2016-04-02T14:20:32.468Z,"14km SW of Ludlow, CA",earthquake,0.3,0.88,0.234,61,reviewed,ci,ci
2000-03-22T15:41:20.420Z,36.8135,-121.54,7.19,3.28,ml,64,35,0.03153,0.07,nc,nc21087819,2016-12-31T08:06:11.100Z,"3 km S of San Juan Bautista, California",earthquake,0.15,0.27,,12,reviewed,nc,nc
2000-03-22T14:49:12.040Z,40.857,31.051,7.8,3.6,md,,,,,us,usp0009q18,2014-11-07T01:09:44.153Z,"9 km WNW of Düzce, Turkey",earthquake,,,,,reviewed,isk,isk
2000-03-22T12:47:42.420Z,85.869,27.819,33,4.1,mb,,,,1.5,us,usp0009q17,2014-11-07T01:09:44.151Z,"north of Svalbard",earthquake,,,,3,reviewed,us,us
2000-03-22T12:21:02.800Z,38.7,21.32,5,3.4,ml,,,,,us,usp0009q15,2014-11-07T01:09:44.148Z,"2 km ESE of Lepenoú, Greece",earthquake,,,,,reviewed,ath,ath
2000-03-22T12:06:33.800Z,38.35,21.45,38,3.1,md,,,,,us,usp0009q14,2014-11-07T01:09:44.147Z,"2 km SE of Mesolóngi, Greece",earthquake,,,,,reviewed,ath,ath
2000-03-22T12:02:12.520Z,-6.349,154.942,54.9,5,mwc,,,,0.96,us,usp0009q13,2025-12-19T22:42:40.815Z,"60 km W of Panguna, Papua New Guinea",earthquake,,,,,reviewed,us,hrv
2000-03-22T11:51:30.920Z,-17.97,-178.394,539.3,4,mb,,,,0.84,us,usp0009q12,2014-11-07T01:09:44.132Z,"242 km E of Levuka, Fiji",earthquake,,35.5,,17,reviewed,us,us
2000-03-22T10:45:06.900Z,37.18,21.71,5,3.7,ml,,,,,us,usp0009q11,2014-11-07T01:09:44.131Z,"8 km SSE of Kyparissía, Greece",earthquake,,,,,reviewed,ath,ath
2000-03-22T07:39:05.900Z,-5.811,149.163,67,4.7,mb,,,,0.88,us,usp0009q10,2014-11-07T01:09:44.128Z,"61 km NW of Kandrian, Papua New Guinea",earthquake,,11.7,,5,reviewed,us,us
2000-03-22T07:04:17.156Z,61.0104,-151.8996,81.8,4.9,mb,,,,0.42,ak,ak0003rq9dwz,2020-02-20T20:10:35.088Z,"41 km W of Tyonek, Alaska",earthquake,,0.8,,,reviewed,ak,ak
2000-03-22T07:02:28.380Z,-12.194,65.769,10,5.7,mwc,,,,1.29,us,usp0009q0z,2022-04-29T18:35:11.667Z,"Mid-Indian Ridge",earthquake,,,,,reviewed,us,hrv
2000-03-22T06:52:33.193Z,54.9746,-156.3287,24.3,4.4,ml,,,,0.52,ak,ak0003rpy9x3,2020-02-20T20:09:49.254Z,"196 km SE of Chignik, Alaska",earthquake,,9.4,,,reviewed,ak,ak
2000-03-22T05:44:13.100Z,-24.086,-66.805,207.9,4,mb,,,,0.8,us,usp0009q0w,2014-11-07T01:09:44.082Z,"51 km WNW of San Antonio de los Cobres, Argentina",earthquake,,7.5,,3,reviewed,us,us
2000-03-22T05:43:08.900Z,-39.16,174.39,5,3.8,ml,,,,,us,usp0009q0v,2014-11-07T01:09:44.080Z,"21 km SE of Waitara, New Zealand",earthquake,,,,,reviewed,wel,wel
2000-03-22T04:37:53.870Z,-21.953,-179.594,600,4.2,mb,,,,0.82,us,usp0009q0u,2014-11-07T01:09:44.074Z,"Fiji region",earthquake,,,,14,reviewed,us,us
2000-03-22T04:35:34.650Z,34.344,-116.465,5.596,3.16,ml,0,24.9,,0.177,ci,ci9143990,2016-04-02T16:54:22.173Z,"26km N of Yucca Valley, CA",earthquake,,2.047,,223,reviewed,ci,ci
2000-03-22T04:16:57.831Z,38.4755,-117.9298,4.6,2.5,ml,9,250.22,0.183,0.1077,nn,nn00004618,2018-04-24T22:24:27.485Z,"18 km ENE of Mina, Nevada",earthquake,,4.6,,,reviewed,nn,nn
2000-03-22T03:43:24.148Z,38.4923,-117.9507,4.2,2.5,ml,7,250.18,0.172,0.1296,nn,nn00004616,2018-04-24T22:24:27.396Z,"17 km NE of Mina, Nevada",earthquake,,6,,,reviewed,nn,nn
2000-03-22T02:54:39.530Z,18.862,-66.515,59,3.7,md,,,,,us,usp0009q0r,2014-11-07T01:09:44.069Z,"44 km N of Tierras Nuevas Poniente, Puerto Rico",earthquake,,,,,reviewed,rspr,rspr
2000-03-22T02:43:09.680Z,18.517,-67.561,9.9,3,md,,,,,us,usp0009q0q,2014-11-07T01:09:44.067Z,"38 km WNW of Rincón, Puerto Rico",earthquake,,,,,reviewed,rspr,rspr
2000-03-22T02:40:24.040Z,-10.103,-75.442,33,3.6,mb,,,,1.09,us,usp0009q0p,2014-11-07T01:09:44.066Z,"52 km N of Oxapampa, Peru",earthquake,,,,2,reviewed,us,us
2000-03-22T01:03:21.690Z,36.697,66.989,33,3.3,mb,,,,1.54,us,usp0009q0n,2014-11-07T01:09:44.065Z,"10 km SE of Balkh, Afghanistan",earthquake,,,,1,reviewed,us,us
2000-03-22T00:59:20.470Z,-37.785,179.042,79.1,4.8,mb,,,,1.4,us,usp0009q0m,2014-11-07T01:09:44.061Z,"132 km NE of Gisborne, New Zealand",earthquake,,13.9,,4,reviewed,us,us
2000-03-21T22:43:42.560Z,-5.517,152.286,33,4.9,mb,,,,1.26,us,usp0009q0g,2014-11-07T01:09:44.055Z,"129 km S of Kokopo, Papua New Guinea",earthquake,,,,5,reviewed,us,us
2000-03-21T22:36:39.780Z,-5.463,152.106,64,5.3,mwc,,,,0.94,us,usp0009q0f,2022-04-29T18:35:06.515Z,"125 km S of Kokopo, Papua New Guinea",earthquake,,9,,,reviewed,us,hrv
2000-03-21T22:35:34.250Z,-32.485,-71.808,31.5,4.1,md,,,,,us,usp0009q0e,2014-11-07T01:09:44.041Z,"54 km W of La Ligua, Chile",earthquake,,,,,reviewed,guc,guc
2000-03-21T22:17:55.490Z,30.401,67.886,33,3.8,mb,,,,1.08,us,usp0009q0c,2014-11-07T01:09:44.035Z,"15 km E of Ziarat, Pakistan",earthquake,,,,2,reviewed,us,us
2000-03-21T21:50:12.110Z,1.629,127.302,124.2,4.2,mb,,,,1.13,us,usp0009q0b,2014-11-07T01:09:44.033Z,"79 km W of Tobelo, Indonesia",earthquake,,11.6,,5,reviewed,us,us
2000-03-21T21:20:34.490Z,47.6913333,-120.09,5.449,2.8,md,30,50,0.09137,0.13,uw,uw10495213,2016-07-22T23:50:53.860Z,"5 km NNW of Waterville, Washington",earthquake,0.028,0.06,0.04,8,reviewed,uw,uw
2000-03-21T21:02:07.300Z,36.925,-117.941,3.781,2.5,mc,0,205.2,,0.198,ci,ci9143892,2018-04-24T22:24:26.617Z,"27km ENE of Independence, California",earthquake,,,,16,reviewed,ci,ci
2000-03-21T19:02:45.920Z,5.484,-77.631,33,4.5,mb,,,,0.91,us,usp0009q07,2014-11-07T01:09:44.019Z,"47 km WSW of Nuquí, Colombia",earthquake,,,,13,reviewed,us,us
2000-03-21T18:50:18.200Z,16.338,-99.12,27.1,4.2,md,,,,,us,usp0009q06,2014-11-07T01:09:43.972Z,"33 km SSW of Copala, Mexico",earthquake,,,,,reviewed,unm,unm
2000-03-21T18:40:19.000Z,16.232,-99.191,16.1,4,md,,,,,us,usp0009q05,2014-11-07T01:09:43.969Z,"47 km SSW of Copala, Mexico",earthquake,,,,,reviewed,unm,unm
2000-03-21T18:28:12.110Z,16.664,-98.851,33,4.8,mb,,,,1.04,us,usp0009q04,2014-11-07T01:09:43.878Z,"9 km NNW of Marquelia, Mexico",earthquake,,,,33,reviewed,us,us
2000-03-21T15:35:38.170Z,-23.875,179.979,600,4.1,mb,,,,0.76,us,usp0009q03,2014-11-07T01:09:43.812Z,"south of the Fiji Islands",earthquake,,,,6,reviewed,us,us
2000-03-21T15:15:45.074Z,62.2834,-141.0452,17.5,3.3,ml,,,,1.18,ak,ak0003q7jxaj,2021-05-19T15:51:50.791Z,"43 km S of Alcan Border, Alaska",earthquake,,9.2,,,reviewed,ak,ak
2000-03-21T14:34:55.195Z,63.1081,-150.6386,123,2.9,ml,,,,0.45,ak,ak0003q72l2n,2020-02-20T20:10:39.135Z,"68 km N of Petersville, Alaska",earthquake,,0.6,,,reviewed,ak,ak
2000-03-21T14:07:40.820Z,39.949,48.23,59.7,5.2,mwc,,,,1.01,us,usp0009q00,2022-04-29T18:35:01.392Z,"12 km W of Saatl?, Azerbaijan",earthquake,,,,,reviewed,us,hrv
2000-03-21T13:51:28.340Z,-7.937,107.997,33,4,mb,,,,0.78,us,usp0009pzz,2014-11-07T01:09:43.761Z,"65 km SSW of Kawalu, Indonesia",earthquake,,,,1,reviewed,us,us
2000-03-21T13:11:14.700Z,-20.515,-178.175,548.2,4.6,mb,,,,0.81,us,usp0009pzy,2014-11-07T01:09:43.751Z,"Fiji region",earthquake,,,,37,reviewed,us,us
2000-03-21T12:41:35.550Z,-7.032,129.25,112.9,4.3,mb,,,,1.06,us,usp0009pzx,2014-11-07T01:09:43.750Z,"298 km ENE of Lospalos, Timor Leste",earthquake,,20.7,,1,reviewed,us,us
2000-03-21T12:26:45.200Z,-17.577,-178.736,600,4.4,mb,,,,0.5,us,usp0009pzw,2014-11-07T01:09:43.748Z,"213 km ENE of Levuka, Fiji",earthquake,,,,1,reviewed,us,us
2000-03-21T12:16:49.000Z,-39.18,174.44,5,3.6,ml,,,,,us,usp0009pzv,2014-11-07T01:09:43.747Z,"26 km SE of Waitara, New Zealand",earthquake,,,,,reviewed,wel,wel
2000-03-21T11:11:12.666Z,57.2745,-154.0923,46.8,2.8,ml,,,,0.51,ak,ak0003q559ia,2020-02-20T20:10:39.694Z,"Kodiak Island region, Alaska",earthquake,,0.8,,,reviewed,ak,ak
2000-03-21T08:57:26.980Z,24.317,125.308,33,4.7,mb,,,,1.01,us,usp0009pzs,2014-11-07T01:09:43.737Z,"53 km S of Hirara, Japan",earthquake,,,,17,reviewed,us,us
2000-03-21T08:18:58.750Z,-20.93,-178.789,500,4.1,mb,,,,0.9,us,usp0009pzr,2014-11-07T01:09:43.734Z,"Fiji region",earthquake,,,,13,reviewed,us,us
2000-03-21T06:39:12.500Z,36.567,-6.934,0,2.6,mblg,,,,,us,usp0009pzq,2014-11-07T01:09:43.732Z,"48 km WSW of Chipiona, Spain",earthquake,,,,,reviewed,mdd,mdd
2000-03-21T05:26:07.700Z,3.155,128.034,102.7,5.9,mwc,,,,0.98,us,usp0009pzn,2022-04-29T18:34:55.491Z,"157 km N of Tobelo, Indonesia",earthquake,,,,,reviewed,us,hrv
2000-03-21T04:32:34.400Z,31.871,142.54,33,5.4,mwc,,,,0.69,us,usp0009pzk,2025-12-19T22:42:39.611Z,"Izu Islands, Japan region",earthquake,,,,,reviewed,us,hrv
2000-03-21T04:17:26.110Z,44.404,7.282,13.9,2.6,ml,,,,,us,usp0009pzj,2014-11-07T01:09:43.677Z,"1 km S of Pradleves, Italy",earthquake,,,,,reviewed,gen,gen
2000-03-21T04:01:45.070Z,36.362,22.067,55.4,3.9,mb,,,,1.34,us,usp0009pzh,2014-11-07T01:09:43.673Z,"49 km SSE of Koróni, Greece",earthquake,,7.1,,4,reviewed,us,us
2000-03-21T03:52:50.470Z,-31.754,-69.107,150,3.3,md,,,,1.06,us,usp0009pzg,2014-11-07T01:09:43.670Z,"42 km WSW of Villa Basilio Nievas, Argentina",earthquake,,,,,reviewed,us,guc
2000-03-21T03:28:28.830Z,32.1746667,-115.8356667,5.959,2.62,ml,6,246,0.477,0.25,ci,ci9143812,2016-04-02T08:37:53.380Z,"51km SSW of Progreso, B.C., MX",earthquake,2.32,31.61,0.239,13,reviewed,ci,ci
2000-03-21T02:18:41.680Z,49.392,155.675,65,4.3,mb,,,,0.94,us,usp0009pze,2014-11-07T01:09:43.664Z,"146 km SSW of Severo-Kuril’sk, Russia",earthquake,,7.6,,9,reviewed,us,us
2000-03-20T23:11:09.270Z,38.7996667,-122.813,0.782,2.53,md,32,37,0.01622,0.03,nc,nc21087508,2016-12-31T08:03:19.303Z,"8 km WSW of Cobb, California",earthquake,0.11,0.39,0.11,27,reviewed,nc,nc
2000-03-20T23:04:35.110Z,46.704,-122.7823333,6.168,3.3,md,19,114,0.3293,0.11,uw,uw10494988,2022-06-09T21:12:00.955Z,"12 km SSE of Bucoda, Washington",explosion,0.502,1.24,0.04,6,reviewed,uw,uw
2000-03-20T22:51:43.100Z,-9.584,123.253,66.7,4.5,mb,,,,0.97,us,usp0009pzc,2014-11-07T01:09:43.660Z,"56 km W of Naisano Dua, Indonesia",earthquake,,12.8,,7,reviewed,us,us
2000-03-20T22:40:02.320Z,28.441,52.229,33,4.2,mb,,,,0.94,us,usp0009pzb,2014-11-07T01:09:43.658Z,"55 km SW of F?r?z?b?d, Iran",earthquake,,,,5,reviewed,us,us
2000-03-20T22:27:47.230Z,-5.373,150.666,33,4.4,mb,,,,1.07,us,usp0009pza,2014-11-07T01:09:43.656Z,"61 km ENE of Kimbe, Papua New Guinea",earthquake,,,,2,reviewed,us,us
2000-03-20T21:46:50.400Z,-7.334,154.962,33,4.5,mb,,,,1.31,us,usp0009pz8,2014-11-07T01:09:43.654Z,"126 km SSW of Panguna, Papua New Guinea",earthquake,,,,1,reviewed,us,us
2000-03-20T21:29:30.450Z,19.464,-108.774,33,4.3,mb,,,,1.17,us,usp0009pz7,2014-11-07T01:09:43.650Z,"Revilla Gigedo Islands region",earthquake,,,,11,reviewed,us,us
2000-03-20T21:13:30.030Z,40.482,115.83,33,3.6,mb,,,,1.01,us,usp0009pz6,2014-11-07T01:09:43.649Z,"45 km NW of Changping, China",earthquake,,,,1,reviewed,us,us
2000-03-20T21:02:30.490Z,-6.212,147.587,95.5,5.5,mwc,,,,1.07,us,usp0009pz5,2025-12-19T22:42:38.429Z,"47 km NW of Finschhafen, Papua New Guinea",earthquake,,5.2,,,reviewed,us,hrv
2000-03-20T20:33:56.580Z,33.074,-109.271,0,3,ml,10,,,0.76,rusms,rusms00001791,2022-06-09T21:12:00.952Z,"3 km NE of Clifton, Arizona",explosion,,,,,reviewed,us,us
2000-03-20T19:37:38.810Z,-5.062,145.233,118,4.4,mb,,,,0.85,us,usp0009pz4,2014-11-07T01:09:43.640Z,"63 km WNW of Madang, Papua New Guinea",earthquake,,5.4,,5,reviewed,us,us
2000-03-20T19:03:15.080Z,-6.9,143.816,33,4.9,mb,,,,1.13,us,usp0009pz3,2014-11-07T01:09:43.637Z,"71 km SSW of Ialibu, Papua New Guinea",earthquake,,,,10,reviewed,us,us
2000-03-20T17:26:23.830Z,32.709,-109.147,0,2.9,ml,10,,,0.7,rusms,rusms00001790,2022-06-09T21:12:00.948Z,"4 km WSW of Duncan, Arizona",explosion,,,,,reviewed,us,us
2000-03-20T16:50:10.420Z,-18.029,-177.691,400,4.1,mb,,,,1.01,us,usp0009pz1,2014-11-07T01:09:43.634Z,"Fiji region",earthquake,,,,3,reviewed,us,us
2000-03-20T15:56:04.490Z,18.41,-66.616,119.4,3.6,mb,,,,,us,usp0009pz0,2014-11-07T01:09:43.632Z,"1 km NW of La Alianza, Puerto Rico",earthquake,,,,1,reviewed,rspr,us
2000-03-20T15:46:26.430Z,35.515,-1.471,4.8,2.6,mblg,,,,,us,usp0009pyz,2014-11-07T01:09:43.630Z,"25 km NNW of Beni Saf, Algeria",earthquake,,,,,reviewed,mdd,mdd
2000-03-20T15:16:33.270Z,45.28,151.345,33,4.4,mb,,,,1.28,us,usp0009pyy,2014-11-07T01:09:43.628Z,"272 km E of Kuril’sk, Russia",earthquake,,,,3,reviewed,us,us
2000-03-20T14:56:11.390Z,42.85,17.633,10,3.4,ml,,,,1.37,us,usp0009pyx,2014-11-07T01:09:43.625Z,"5 km WNW of Ston, Croatia",earthquake,,,,,reviewed,us,vie
2000-03-20T14:53:29.640Z,47.018,154.259,33,4.8,mb,,,,1.34,us,usp0009pyv,2014-11-07T01:09:43.616Z,"Kuril Islands",earthquake,,,,26,reviewed,us,us
2000-03-20T14:32:00.840Z,-4.992,151.728,162.4,4.4,mb,,,,0.77,us,usp0009pyu,2014-11-07T01:09:43.614Z,"93 km SW of Kokopo, Papua New Guinea",earthquake,,6.7,,5,reviewed,us,us
2000-03-20T14:11:51.320Z,-3.944,138.547,99.2,4.4,mb,,,,0.91,us,usp0009pyt,2014-11-07T01:09:43.612Z,"275 km WSW of Abepura, Indonesia",earthquake,,27.1,,11,reviewed,us,us
2000-03-20T12:44:08.560Z,-7.015,154.79,33,4.6,mb,,,,1.06,us,usp0009pyp,2014-11-07T01:09:43.604Z,"108 km SW of Panguna, Papua New Guinea",earthquake,,,,5,reviewed,us,us
2000-03-20T12:15:44.000Z,43.471,-126.564,10,2.8,mb,,,,0.47,us,usp0009pyn,2014-11-07T01:09:43.602Z,"179 km WNW of Bandon, Oregon",earthquake,,,,1,reviewed,us,us
2000-03-20T11:53:41.730Z,10.303,126.654,33,3.6,mb,,,,1,us,usp0009pym,2014-11-07T01:09:43.601Z,"74 km ENE of Santa Monica, Philippines",earthquake,,,,1,reviewed,us,us
2000-03-20T11:23:46.830Z,56.269,161.413,88.4,3.6,mb,,,,1.18,us,usp0009pyk,2014-11-07T01:09:43.599Z,"35 km E of Klyuchi, Russia",earthquake,,11.1,,1,reviewed,us,us
2000-03-20T10:44:42.230Z,40.73,30.032,12.1,2.5,md,,,,,us,usp0009pyj,2014-11-07T01:09:43.597Z,"2 km ESE of Köseköy, Turkey",earthquake,,,,,reviewed,isk,isk
2000-03-20T10:33:22.560Z,-5.189,146.909,200,4.4,mb,,,,0.86,us,usp0009pyh,2014-11-07T01:09:43.595Z,"124 km E of Madang, Papua New Guinea",earthquake,,,,2,reviewed,us,us
2000-03-20T10:04:01.100Z,34.628,-116.273,2.339,2.57,ml,0,76.3,,0.178,ci,ci9143710,2016-02-16T02:21:18.587Z,"15km SW of Ludlow, California",earthquake,,0.457,,152,reviewed,ci,ci
2000-03-20T10:00:50.200Z,34.685,-85.362,3.9,2.8,md,,128,0.53959,0.3,se,se61788,2022-06-28T15:05:39.168Z,"7 km WSW of Linwood, Georgia",earthquake,,0.7,,,reviewed,se,se
2000-03-20T09:08:35.780Z,5.524,-77.122,33,4,mb,,,,1.13,us,usp0009pye,2014-11-07T01:09:43.589Z,"16 km W of Pie de Pató, Colombia",earthquake,,,,2,reviewed,us,us
2000-03-20T08:53:35.620Z,32.979,-115.554,9.114,2.67,ml,0,61.9,0.0039,0.228,ci,ci9143705,2016-02-16T16:34:14.746Z,"2km W of Brawley, California",earthquake,,0.522,,72,reviewed,ci,ci
2000-03-20T08:52:12.730Z,32.9763333,-115.5525,11.232,2.66,ml,20,52,0.1504,0.31,ci,ci9143719,2016-04-02T04:45:20.034Z,"2km W of Brawley, CA",earthquake,0.55,1.71,0.147,24,reviewed,ci,ci
2000-03-20T08:49:46.050Z,-6.86,143.9,33,4.8,mb,,,,0.9,us,usp0009pyc,2014-11-07T01:09:43.581Z,"64 km S of Ialibu, Papua New Guinea",earthquake,,,,16,reviewed,us,us
2000-03-20T08:42:28.050Z,15.063,119.558,33,4.9,mb,,,,1.28,us,usp0009pyb,2014-11-07T01:09:43.554Z,"53 km WSW of Panan, Philippines",earthquake,,,,17,reviewed,us,us
2000-03-20T08:42:13.710Z,-36.51,-97.23,10,5.3,mwc,,,,1.16,us,usp0009pya,2025-12-19T22:47:14.710Z,"West Chile Rise",earthquake,,,,,reviewed,us,hrv
2000-03-20T08:16:52.930Z,40.9111667,-122.388,18.225,2.71,md,27,90,0.2153,0.12,nc,nc21087451,2016-12-31T08:02:49.516Z,"0 km NW of Lakehead, California",earthquake,0.26,1.07,0.13,28,reviewed,nc,nc
2000-03-20T07:17:21.590Z,46.489,12.499,10,2.5,ml,,,,1.27,us,usp0009py9,2014-11-07T01:09:43.547Z,"2 km ESE of Vigo di Cadore, Italy",earthquake,,,,,reviewed,us,tri
2000-03-20T06:45:33.130Z,40.424,42.395,10,4.6,mb,,,,1.23,us,usp0009py8,2014-11-07T01:09:43.541Z,"15 km SSE of ?enkaya, Turkey",earthquake,,,,17,reviewed,us,us
2000-03-20T06:16:04.200Z,42.794,0.269,11,2.5,ml,,,,,us,usp0009py7,2014-11-07T01:09:43.539Z,"5 km WSW of Saint-Lary-Soulan, France",earthquake,,,,,reviewed,ldg,str
2000-03-20T05:51:36.750Z,39.584,25.888,6.9,3.5,md,,,,,us,usp0009py6,2014-11-07T01:09:43.538Z,"31 km SSW of Bozcaada, Turkey",earthquake,,,,,reviewed,isk,isk
2000-03-20T04:42:56.480Z,-32.294,-71.882,20.8,3.5,md,,,,,us,usp0009py3,2014-11-07T01:09:43.533Z,"63 km WNW of La Ligua, Chile",earthquake,,,,,reviewed,guc,guc
2000-03-20T03:46:02.940Z,-48.837,-8.928,10,4.6,mb,,,,1.44,us,usp0009py2,2014-11-07T01:09:43.531Z,"southern Mid-Atlantic Ridge",earthquake,,,,7,reviewed,us,us
2000-03-20T03:27:44.500Z,39.85,20.68,5,3.2,md,,,,,us,usp0009py1,2014-11-07T01:09:43.529Z,"5 km NW of Asprángeloi, Greece",earthquake,,,,,reviewed,ath,ath
2000-03-20T02:39:52.710Z,-23.654,-179.984,550,4.5,mb,,,,0.97,us,usp0009pxz,2014-11-07T01:09:43.523Z,"south of the Fiji Islands",earthquake,,,,17,reviewed,us,us
2000-03-20T01:25:43.700Z,-6.972,143.866,33,5.1,mb,,,,1.11,us,usp0009pxy,2014-11-07T01:09:43.518Z,"77 km S of Ialibu, Papua New Guinea",earthquake,,,,20,reviewed,us,us
2000-03-20T01:03:12.370Z,3.801,124.956,143.5,4.2,mb,,,,0.75,us,usp0009pxx,2014-11-07T01:09:43.516Z,"185 km SSW of Sarangani, Philippines",earthquake,,9.3,,2,reviewed,us,us
2000-03-20T00:56:49.280Z,-15.878,167.478,33,5.2,mwc,,,,0.92,us,usp0009pxw,2022-04-29T18:34:54.261Z,"22 km NNE of Norsup, Vanuatu",earthquake,,,,,reviewed,us,hrv
2000-03-19T22:37:22.630Z,-3.499,143.705,24.6,5.2,mwc,,,,1.04,us,usp0009pxv,2022-04-29T18:34:53.124Z,"9 km NE of Wewak, Papua New Guinea",earthquake,,6.5,,,reviewed,us,hrv
2000-03-19T22:36:49.989Z,61.4119,-149.941,38.5,2.5,ml,,,,0.61,ak,ak0003n0rrye,2020-02-20T20:10:47.643Z,"6 km NNE of Point MacKenzie, Alaska",earthquake,,0.4,,,reviewed,ak,ak
2000-03-19T22:10:36.670Z,-6.851,143.94,33,3.9,mb,,,,0.55,us,usp0009pxt,2014-11-07T01:09:43.496Z,"63 km S of Ialibu, Papua New Guinea",earthquake,,,,2,reviewed,us,us
2000-03-19T21:26:02.380Z,37.989,141.336,80.1,5.3,mwc,,,,0.76,us,usp0009pxs,2025-12-19T22:42:37.315Z,"42 km E of Watari, Japan",earthquake,,,,,reviewed,us,hrv
2000-03-19T21:01:33.700Z,44.354,6.878,9.6,2.6,ml,,,,,us,usp0009pxr,2014-11-07T01:09:43.465Z,"7 km WSW of Bersezio, Italy",earthquake,,,,,reviewed,gen,gen
2000-03-19T20:11:11.500Z,37.67,22.11,5,3.2,ml,,,,,us,usp0009pxq,2014-11-07T01:09:43.464Z,"7 km E of Langádhia, Greece",earthquake,,,,,reviewed,ath,ath
2000-03-19T20:02:13.590Z,11.681,-86.079,148,4.4,mb,,,,1.1,us,usp0009pxn,2014-11-07T01:09:43.451Z,"8 km SSW of Nandaime, Nicaragua",earthquake,,6.2,,9,reviewed,us,us
2000-03-19T19:27:27.440Z,47.076,151.495,33,4.8,mb,,,,0.39,us,usp0009pxm,2014-11-07T01:09:43.449Z,"Kuril Islands",earthquake,,,,2,reviewed,us,us
2000-03-19T19:22:14.150Z,-6.836,143.846,34.6,5.1,mwc,,,,0.96,us,usp0009pxk,2025-12-19T22:42:36.223Z,"63 km SSW of Ialibu, Papua New Guinea",earthquake,,6.3,,,reviewed,us,hrv
2000-03-19T19:21:32.830Z,34.546,32.781,3,2.7,ml,,,,,us,usp0009pxj,2014-11-07T01:09:43.431Z,"15 km SSE of Pissoúri, Cyprus",earthquake,,,,,reviewed,css,css
2000-03-19T18:51:35.380Z,-21.091,-68.323,100,4,mb,,,,0.91,us,usp0009pxh,2014-11-07T01:09:43.429Z,"163 km NNE of Calama, Chile",earthquake,,,,5,reviewed,us,us
2000-03-19T18:18:53.630Z,4.245,-77.359,71.9,4.2,mb,,,,1.08,us,usp0009pxf,2014-11-07T01:09:43.426Z,"1 km SSE of Santa Genoveva de Docordó, Colombia",earthquake,,22.3,,6,reviewed,us,us
2000-03-19T17:57:09.320Z,23.313,121.084,52.8,4.4,mb,,,,1.09,us,usp0009pxd,2014-11-07T01:09:43.421Z,"58 km SE of Lugu, Taiwan",earthquake,,11.3,,9,reviewed,us,us
2000-03-19T17:02:13.000Z,-40.41,176.22,33,4,ml,,,,,us,usp0009pxc,2014-11-07T01:09:43.419Z,"52 km E of Palmerston North, New Zealand",earthquake,,,,,reviewed,wel,wel
2000-03-19T16:07:07.830Z,-4.186,143.701,140.1,4.1,mb,,,,0.84,us,usp0009pxb,2014-11-07T01:09:43.417Z,"42 km WSW of Angoram, Papua New Guinea",earthquake,,7.9,,1,reviewed,us,us
2000-03-19T15:27:15.030Z,-7.163,122.367,33,4.2,mb,,,,1.27,us,usp0009px9,2014-11-07T01:09:43.415Z,"162 km N of Maumere, Indonesia",earthquake,,,,1,reviewed,us,us
2000-03-19T14:22:10.320Z,-4.773,139.183,33,4.6,mb,,,,0.81,us,usp0009px8,2014-11-07T01:09:43.413Z,"277 km WNW of Kiunga, Papua New Guinea",earthquake,,,,4,reviewed,us,us
2000-03-19T14:16:14.150Z,18.89,-66.635,40.1,2.9,md,,,,,us,usp0009px6,2014-11-07T01:09:43.410Z,"46 km N of Arecibo, Puerto Rico",earthquake,,,,,reviewed,rspr,rspr
2000-03-19T13:48:29.650Z,43.53,135.731,344.9,4.5,mb,,,,0.9,us,usp0009px5,2014-11-07T01:09:43.401Z,"42 km SE of Ol’ga, Russia",earthquake,,4.5,,51,reviewed,us,us
2000-03-19T12:48:39.550Z,41.997,-126.591,10,4.3,mb,,,,0.99,us,usp0009px4,2014-11-07T01:09:43.396Z,"184 km W of Pistol River, Oregon",earthquake,,,,3,reviewed,us,us
2000-03-19T12:30:34.000Z,-40.22,174.87,12,3.9,ml,,,,,us,usp0009px3,2014-11-07T01:09:43.329Z,"35 km SSW of Wanganui, New Zealand",earthquake,,,,,reviewed,wel,wel
2000-03-19T12:23:40.900Z,5.65,-77.631,37.2,5.3,mwc,,,,0.82,us,usp0009px2,2022-04-29T18:34:52.019Z,"40 km W of Nuquí, Colombia",earthquake,,7.5,,,reviewed,us,hrv
2000-03-19T11:59:54.720Z,40.772,31.305,7.2,3.4,md,,,,,us,usp0009px0,2014-11-07T01:09:43.129Z,"14 km ESE of Düzce, Turkey",earthquake,,,,,reviewed,isk,isk
2000-03-19T11:36:22.040Z,10.359,126.585,33,4.6,mb,,,,1.09,us,usp0009pwz,2014-11-07T01:09:43.124Z,"70 km ENE of Santa Monica, Philippines",earthquake,,,,7,reviewed,us,us
2000-03-19T11:33:28.730Z,10.298,126.698,33,4.2,mb,,,,1.5,us,usp0009pwy,2014-11-07T01:09:43.116Z,"78 km ENE of Santa Monica, Philippines",earthquake,,,,1,reviewed,us,us
2000-03-19T10:26:49.920Z,28.757,-43.636,10,4,mb,,,,0.39,us,usp0009pwv,2014-11-07T01:09:43.111Z,"northern Mid-Atlantic Ridge",earthquake,,,,6,reviewed,us,us
2000-03-19T10:20:49.260Z,-3.839,135.643,33,4.7,mb,,,,1.19,us,usp0009pwu,2014-11-07T01:09:43.107Z,"55 km SSE of Nabire, Indonesia",earthquake,,,,11,reviewed,us,us
2000-03-19T10:01:56.910Z,11.55,142.359,50.1,4.4,mb,,,,1.03,us,usp0009pwt,2014-11-07T01:09:43.105Z,"281 km NE of Fais, Micronesia",earthquake,,17,,2,reviewed,us,us
2000-03-19T08:59:45.540Z,53.156,-167.684,33,3.5,mb,,,,0.9,us,usp0009pwq,2020-02-20T20:09:49.955Z,"82 km ENE of Nikolski, Alaska",earthquake,,,,1,reviewed,us,us
2000-03-19T08:50:51.800Z,24.768,122.152,54.7,4.3,mb,,,,1.5,us,usp0009pwp,2014-11-07T01:09:43.096Z,"40 km E of Yilan, Taiwan",earthquake,,13,,10,reviewed,us,us
2000-03-19T08:11:35.950Z,31.943,-114.877,5.975,3,ml,0,279.7,0.668,0.29,ci,ci9143589,2016-04-02T00:50:33.526Z,"30km SSE of Estacion Coahuila, B.C., MX",earthquake,,,,29,reviewed,ci,ci
2000-03-19T07:25:15.270Z,18.377,-81.564,33,4.4,mb,,,,1.1,us,usp0009pwn,2014-11-07T01:09:43.090Z,"102 km S of George Town, Cayman Islands",earthquake,,,,21,reviewed,us,us
2000-03-19T07:20:35.660Z,43.779,41.271,10,3.4,mb,,,,0.44,us,usp0009pwm,2014-11-07T01:09:43.089Z,"16 km SSE of Mednogorskiy, Russia",earthquake,,,,1,reviewed,us,us
2000-03-19T05:51:39.060Z,10.216,-60.829,24,3.6,md,,,,,us,usp0009pwg,2014-11-07T01:09:43.082Z,"39 km ESE of Rio Claro, Trinidad and Tobago",earthquake,,,,,reviewed,trn,trn
2000-03-19T05:40:06.460Z,33.9611667,-116.3751667,8.343,2.54,ml,36,48,,0.17,ci,ci9143565,2016-04-02T14:23:25.068Z,"12km E of Desert Hot Springs, CA",earthquake,0.3,0.94,0.23,54,reviewed,ci,ci
2000-03-19T05:10:42.400Z,19.41,-97.603,8.6,3.9,md,,,,,us,usp0009pwe,2014-11-07T01:09:43.079Z,"3 km E of San Antonio Virreyes, Mexico",earthquake,,,,,reviewed,unm,unm
2000-03-19T05:01:10.757Z,60.0167,-153.1462,122.8,2.6,ml,,,,0.56,ak,ak0003mqftkz,2020-02-20T20:10:51.330Z,"59 km ENE of Pedro Bay, Alaska",earthquake,,0.6,,,reviewed,ak,ak
2000-03-19T04:58:30.440Z,48.271,146.429,482.6,4,mb,,,,0.8,us,usp0009pwd,2014-11-07T01:09:43.076Z,"266 km ESE of Poronaysk, Russia",earthquake,,13.3,,13,reviewed,us,us
2000-03-19T04:37:20.470Z,18.195,94.897,74.9,4.4,mb,,,,0.73,us,usp0009pwc,2014-11-07T01:09:43.072Z,"45 km WSW of Myanaung, Myanmar",earthquake,,10.5,,22,reviewed,us,us
2000-03-19T04:04:01.370Z,29.578,128.139,21.3,4.5,mb,,,,1.05,us,usp0009pwb,2014-11-07T01:09:43.069Z,"187 km NW of Naze, Japan",earthquake,,8.3,,6,reviewed,us,us
2000-03-19T03:54:15.870Z,-17.862,-178.443,600,4,mb,,,,0.85,us,usp0009pwa,2014-11-07T01:09:43.067Z,"238 km E of Levuka, Fiji",earthquake,,,,4,reviewed,us,us
2000-03-19T03:49:18.360Z,37.223,138.554,33,4.4,mb,,,,1.18,us,usp0009pw9,2014-11-07T01:09:43.064Z,"15 km S of Kashiwazaki, Japan",earthquake,,,,11,reviewed,us,us
2000-03-19T02:28:40.830Z,-22.125,170.126,33,4,mb,,,,1.35,us,usp0009pw7,2014-11-07T01:09:43.059Z,"240 km ESE of Tadine, New Caledonia",earthquake,,,,2,reviewed,us,us
2000-03-19T01:49:57.500Z,34.5323333,-116.2466667,1.81,2.66,ml,24,61,,0.14,ci,ci9143534,2016-04-02T11:16:16.175Z,"22km SSW of Ludlow, CA",earthquake,0.35,0.81,0.246,57,reviewed,ci,ci
2000-03-19T01:45:55.050Z,31.9063333,-114.8795,5.975,2.5,mh,4,325,0.7024,0.24,ci,ci9143532,2016-02-16T21:30:50.845Z,"34km SSE of Estacion Coahuila, B.C., MX",earthquake,2.91,31.61,,0,reviewed,ci,ci
2000-03-19T00:46:40.200Z,31.212,-116.854,5.471,3.18,mc,0,319.4,1.472,0.433,ci,ci9143519,2016-04-01T21:34:56.952Z,"62km SSW of Maneadero, B.C., MX",earthquake,,,,8,reviewed,ci,ci
2000-03-18T23:54:15.660Z,-2.529,138.882,82.3,4.7,mb,,,,1.32,us,usp0009pw3,2014-11-07T01:09:43.051Z,"194 km W of Abepura, Indonesia",earthquake,,29.1,,11,reviewed,us,us
2000-03-18T23:48:07.610Z,38.7135,-119.6416667,1.337,2.5,md,32,168,0.1838,0.06,nc,nc21087271,2018-04-24T22:24:20.848Z,"8 km WNW of Topaz Lake, Nevada",earthquake,0.2,2.1,0.19,25,reviewed,nc,nc
2000-03-18T23:22:52.950Z,-24.362,178.983,551.9,5.5,mwc,,,,0.91,us,usp0009pw1,2022-04-29T18:34:50.887Z,"south of the Fiji Islands",earthquake,,,,,reviewed,us,hrv
2000-03-18T22:48:57.460Z,-4.731,151.585,190.6,4.6,mb,,,,1.12,us,usp0009pvz,2014-11-07T01:09:43.017Z,"86 km SW of Rabaul, Papua New Guinea",earthquake,,,,13,reviewed,us,us
2000-03-18T20:54:43.160Z,54.67,-161.452,14.5,3.4,mb,,,,,us,usp0009pvw,2020-02-20T20:10:53.931Z,"70 km SE of King Cove, Alaska",earthquake,,,,1,reviewed,aeic,us
2000-03-18T20:36:31.540Z,-32.043,-68.228,10,4,md,,,,1.1,us,usp0009pvu,2014-11-07T01:09:43.007Z,"43 km S of Caucete, Argentina",earthquake,,,,,reviewed,us,guc
2000-03-18T20:30:49.780Z,62.8054,-151.1019,99.7,2.6,ml,,,,0.6,ak,ak0003lc09xu,2020-02-20T20:10:54.318Z,"38 km NNW of Petersville, Alaska",earthquake,,0.4,,,reviewed,ak,ak
2000-03-18T20:20:15.150Z,51.484,16.037,5,3.1,ml,,,,0.57,us,usp0009pvs,2014-11-07T01:09:43.001Z,"3 km SW of Polkowice, Poland",earthquake,,,,,reviewed,us,vie
2000-03-18T20:15:33.870Z,34.716,-116.297,3.124,2.5,ml,0,53.7,,0.209,ci,ci9143499,2016-02-17T04:47:52.823Z,"12km W of Ludlow, California",earthquake,,0.336,,146,reviewed,ci,ci
2000-03-18T18:52:18.300Z,-41.51,174.54,16,2.8,ml,,,,,us,usp0009pvr,2014-11-07T01:09:43.000Z,"29 km SW of Brooklyn, New Zealand",earthquake,,,,,reviewed,wel,wel
2000-03-18T18:10:50.070Z,40.993,-127.34,10,3.6,mb,,,,1.39,us,usp0009pvq,2014-11-07T01:09:42.998Z,"off the coast of Northern California",earthquake,,,,2,reviewed,us,us
2000-03-18T16:38:23.180Z,25.18,95.139,116.1,4.7,mb,,,,1.15,us,usp0009pvn,2014-11-07T01:09:42.995Z,"83 km SE of Phek, India",earthquake,,23,,2,reviewed,us,us
2000-03-18T15:34:49.534Z,38.027,-116.8489,9.1,2.5,ml,8,217.75,0.78,0.086,nn,nn00004409,2018-04-24T22:24:20.307Z,"33 km E of Tonopah, Nevada",earthquake,,2.3,,,reviewed,nn,nn
2000-03-18T15:02:46.617Z,61.502,-150.6408,58.8,2.9,ml,,,,0.58,ak,ak0003l8v3md,2020-02-20T20:10:55.697Z,"8 km SW of Susitna, Alaska",earthquake,,0.2,,,reviewed,ak,ak
2000-03-18T14:38:51.380Z,-23.522,-179.863,534.6,4.6,mb,,,,0.9,us,usp0009pvk,2014-11-07T01:09:42.980Z,"south of the Fiji Islands",earthquake,,7.8,,25,reviewed,us,us
2000-03-18T14:36:51.500Z,-10.816,-73.845,95.5,4.7,mb,,,,0.74,us,usp0009pvj,2014-11-07T01:09:42.975Z,"62 km NE of Puerto Ocopa, Peru",earthquake,,13.5,,21,reviewed,us,us
2000-03-18T13:49:19.460Z,4.49,123.131,542.6,4.8,mb,,,,0.93,us,usp0009pvh,2014-11-07T01:09:42.953Z,"218 km SE of Tabiauan, Philippines",earthquake,,2.9,,28,reviewed,us,us
2000-03-18T13:27:07.500Z,-21.723,-174.236,71.2,4.7,mb,,,,1.39,us,usp0009pvg,2014-11-07T01:09:42.947Z,"Tonga",earthquake,,,,24,reviewed,us,us
2000-03-18T12:52:17.200Z,24.052,121.041,33,4.5,ml,,,,0.64,us,usp0009pvf,2014-11-07T01:09:42.945Z,"11 km NE of Puli, Taiwan",earthquake,,,,,reviewed,us,tap
2000-03-18T12:37:54.010Z,31.688,-115.999,5.842,2.5,mh,0,326.3,0.9587,0.156,ci,ci9143447,2016-02-16T21:30:47.795Z,"54km E of Maneadero, B.C., MX",earthquake,,,,0,reviewed,ci,ci
2000-03-18T12:28:58.860Z,57.37,-33.294,10,4.6,mb,,,,1.38,us,usp0009pve,2014-11-07T01:09:42.941Z,"Reykjanes Ridge",earthquake,,,,20,reviewed,us,us
2000-03-18T12:20:37.640Z,-4.778,152.931,52.6,5.2,mwc,,,,1.01,us,usp0009pvd,2022-04-29T18:34:49.776Z,"87 km ESE of Kokopo, Papua New Guinea",earthquake,,,,,reviewed,us,hrv
2000-03-18T11:53:57.310Z,43.231,-3.376,10,3.5,ml,,,,1.12,us,usp0009pvc,2014-11-07T01:09:42.926Z,"Spain",earthquake,,,,,reviewed,us,str
2000-03-18T11:19:08.800Z,16.99,-99.464,75.7,3.8,md,,,,,us,usp0009pvb,2014-11-07T01:09:42.924Z,"near the coast of Guerrero, Mexico",earthquake,,,,,reviewed,unm,unm
2000-03-18T11:13:05.410Z,-7.125,129.922,127.7,4.2,mb,,,,1.13,us,usp0009pva,2014-11-07T01:09:42.923Z,"Kepulauan Babar, Indonesia",earthquake,,25.1,,1,reviewed,us,us
2000-03-18T10:54:49.291Z,63.3171,-151.0429,15.3,2.6,ml,,,,0.94,ak,ak0003l6731d,2020-02-20T20:10:57.120Z,"42 km SE of Denali National Park, Alaska",earthquake,,0.5,,,reviewed,ak,ak
2000-03-18T10:10:54.332Z,62.784,-149.6879,76,2.5,ml,,,,0.72,ak,ak0003l5xnx5,2020-02-20T20:10:57.501Z,"42 km NNE of Chase, Alaska",earthquake,,0.3,,,reviewed,ak,ak
2000-03-18T09:11:14.400Z,38.24,20.53,5,3.2,md,,,,,us,usp0009pv7,2014-11-07T01:09:42.914Z,"7 km NNE of Argostólion, Greece",earthquake,,,,,reviewed,ath,ath
2000-03-18T07:58:48.550Z,40.4031667,-125.0058333,-0.739,2.67,md,18,274,0.5162,0.19,nc,nc21087198,2016-12-31T07:58:22.217Z,"65 km WSW of Ferndale, California",earthquake,3.62,7.86,0.03,8,reviewed,nc,nc
2000-03-18T07:22:48.340Z,35.667,32.089,25,3,ml,,,,,us,usp0009pv6,2014-11-07T01:09:42.913Z,"69 km SSW of Gazipa?a, Turkey",earthquake,,,,,reviewed,css,css
2000-03-18T06:47:20.380Z,-49.186,106.111,10,4.2,mb,,,,1.42,us,usp0009pv5,2014-11-07T01:09:42.911Z,"southeast Indian Ridge",earthquake,,,,3,reviewed,us,us
2000-03-18T06:18:16.200Z,37.53,21.92,5,3.8,mb,,,,,us,usp0009pv4,2014-11-07T01:09:42.905Z,"12 km SW of Dimitsána, Greece",earthquake,,,,7,reviewed,ath,us
2000-03-18T06:03:07.730Z,86.634,41.164,10,4.2,mb,,,,0.8,us,usp0009pv3,2014-11-07T01:09:42.903Z,"north of Franz Josef Land",earthquake,,,,3,reviewed,us,us
2000-03-18T05:05:40.990Z,40.417,-125.113,7.513,3.77,md,82,231,0.5955,0.11,nc,nc21087180,2016-12-31T07:58:05.760Z,"74 km WSW of Ferndale, California",earthquake,0.65,1.49,0.19,89,reviewed,nc,nc
2000-03-18T04:55:13.000Z,42.628,16.227,10,4.1,ml,,,,,us,usp0009pv0,2014-11-07T01:09:42.891Z,"Adriatic Sea",earthquake,,,,,reviewed,rom,zag
2000-03-18T04:31:44.370Z,2.193,-84.536,10,5.3,mwc,,,,1.05,us,usp0009puz,2025-12-19T22:34:25.744Z,"off the coast of Central America",earthquake,,,,,reviewed,us,hrv
2000-03-18T04:09:51.770Z,40.472,42.315,10,4.6,mb,,,,1.17,us,usp0009puy,2014-11-07T01:09:42.871Z,"9 km SSW of ?enkaya, Turkey",earthquake,,,,18,reviewed,us,us
2000-03-18T02:30:46.360Z,-26.746,-178.239,371.6,4.4,mb,,,,1.27,us,usp0009pux,2014-11-07T01:09:42.867Z,"south of the Fiji Islands",earthquake,,35.2,,8,reviewed,us,us
2000-03-18T02:29:34.920Z,-31.275,-68.954,126.4,4,md,,,,0.6,us,usp0009puw,2014-11-07T01:09:42.864Z,"37 km NW of Villa Basilio Nievas, Argentina",earthquake,,16.3,,,reviewed,us,guc
2000-03-18T02:26:45.130Z,50.919,156.158,151,4.3,mb,,,,1.12,us,usp0009puu,2014-11-07T01:09:42.856Z,"27 km N of Severo-Kuril’sk, Russia",earthquake,,5.4,,25,reviewed,us,us
2000-03-18T01:44:50.760Z,2.445,-84.329,23.6,4.2,mb,,,,1.02,us,usp0009put,2014-11-07T01:09:42.854Z,"off the coast of Central America",earthquake,,,,2,reviewed,us,us
2000-03-18T01:29:10.490Z,35.325,-1.403,13.9,4,mblg,,,,,us,usp0009pur,2014-11-07T01:09:42.849Z,"3 km NW of Beni Saf, Algeria",earthquake,,,,,reviewed,mdd,mdd
2000-03-18T00:50:55.650Z,17.176,-99.218,33,4.8,mb,,,,1.08,us,usp0009puq,2022-04-29T19:02:59.747Z,"1 km SE of Xochitepec, Mexico",earthquake,,,,39,reviewed,us,us
2000-03-17T23:38:07.380Z,-53.308,25.367,10,5.1,mwc,,,,1.38,us,usp0009pup,2025-12-19T22:47:13.963Z,"south of Africa",earthquake,,,,,reviewed,us,hrv
2000-03-17T22:58:20.740Z,41.612,-107.99,0,2.5,ml,13,,,0.89,rusms,rusms00001789,2022-06-09T21:12:00.945Z,"6 km S of Wamsutter, Wyoming",explosion,,,,,reviewed,us,us
2000-03-17T21:54:55.690Z,-31.954,-69.515,119.6,4.3,mb,,,,0.97,us,usp0009pun,2014-11-07T01:09:42.832Z,"69 km S of Calingasta, Argentina",earthquake,,4.3,,4,reviewed,us,us
2000-03-17T21:36:45.200Z,-21.077,-179.298,628.8,4.5,mb,,,,1.26,us,usp0009pum,2014-11-07T01:09:42.827Z,"Fiji region",earthquake,,32.4,,7,reviewed,us,us
2000-03-17T21:07:50.000Z,48.83,-129.13,10,4.2,mb,,,,,us,usp0009puk,2014-11-07T01:09:42.822Z,"238 km W of Tofino, Canada",earthquake,,,,8,reviewed,pgc,us
2000-03-17T20:48:35.040Z,32.811,-109.132,0,2.7,ml,6,,,0.6,rusms,rusms00001788,2022-06-09T21:12:00.941Z,"10 km NNW of Duncan, Arizona",explosion,,,,,reviewed,us,us
2000-03-17T20:24:08.100Z,39.115,74.726,61.3,4,mb,,,,0.57,us,usp0009puh,2014-11-07T01:09:42.818Z,"115 km WSW of Kashgar, China",earthquake,,17.2,,1,reviewed,us,us
2000-03-17T20:01:46.740Z,43.464,-105.391,0,2.8,ml,7,,,0.65,rusms,rusms00001787,2022-06-09T21:12:00.937Z,"32 km SSE of Wright, Wyoming",explosion,,,,,reviewed,us,us
2000-03-17T19:42:54.080Z,-17.713,167.974,33,4.3,mb,,,,1.05,us,usp0009pug,2014-11-07T01:09:42.795Z,"36 km W of Port-Vila, Vanuatu",earthquake,,,,4,reviewed,us,us
2000-03-17T19:26:13.770Z,35.677,32.136,25,2.9,ml,,,,,us,usp0009pue,2014-11-07T01:09:42.752Z,"67 km SSW of Gazipa?a, Turkey",earthquake,,,,,reviewed,css,css
2000-03-17T18:12:14.530Z,-23.927,-114.918,10,4.5,mb,,,,1.02,us,usp0009puc,2014-11-07T01:09:42.707Z,"Easter Island region",earthquake,,,,2,reviewed,us,us
2000-03-17T17:55:23.700Z,17.309,-94.304,75.4,4,md,,,,,us,usp0009pub,2014-11-07T01:09:42.706Z,"5 km NNW of Helio García Alfaro, Mexico",earthquake,,,,,reviewed,unm,unm
2000-03-17T17:01:19.130Z,-14.68,-75.882,33,4.4,mb,,,,1.04,us,usp0009pu9,2014-11-07T01:09:42.700Z,"57 km SSW of Santiago, Peru",earthquake,,,,9,reviewed,us,us
2000-03-17T17:00:54.720Z,40.4436667,-125.0045,5.691,2.77,md,13,294,0.5108,0.07,nc,nc21087105,2016-12-31T07:57:03.517Z,"64 km WSW of Ferndale, California",earthquake,3.09,3.47,0.11,7,reviewed,nc,nc
2000-03-17T16:13:21.390Z,79.394,3.699,10,4.2,mb,,,,1.39,us,usp0009pu8,2014-11-07T01:09:42.696Z,"289 km WNW of Longyearbyen, Svalbard and Jan Mayen",earthquake,,,,7,reviewed,us,us
2000-03-17T15:44:04.800Z,26.684,91.89,33,4.1,mb,,,,0.8,us,usp0009pu7,2014-11-07T01:09:42.693Z,"22 km WSW of Udalguri, India",earthquake,,,,6,reviewed,us,us
2000-03-17T15:13:14.610Z,16.701,-100.739,10,3.6,mb,,,,1.29,us,usp0009pu6,2014-11-07T01:09:42.691Z,"51 km SSW of Tetitlán, Mexico",earthquake,,,,1,reviewed,us,us
2000-03-17T15:07:01.500Z,18.099,-100.547,67.7,3.9,md,,,,,us,usp0009pu5,2014-11-07T01:09:42.689Z,"8 km SW of Ajuchitlán del Progreso, Mexico",earthquake,,,,,reviewed,unm,unm
2000-03-17T14:50:32.700Z,-42.08,173.94,12,3.6,ml,,,,,us,usp0009pu4,2014-11-07T01:09:42.687Z,"62 km S of Blenheim, New Zealand",earthquake,,,,,reviewed,wel,wel
2000-03-17T14:47:34.590Z,-41.076,44.239,10,5.5,mwc,,,,1.05,us,usp0009pu3,2022-04-29T18:34:48.671Z,"Crozet Islands region",earthquake,,,,,reviewed,us,hrv
2000-03-17T14:23:56.600Z,16.948,-95.543,160.6,4.1,md,,,,,us,usp0009pu2,2014-11-07T01:09:42.680Z,"8 km E of Santiago Ixcuintepec, Mexico",earthquake,,,,,reviewed,unm,unm
2000-03-17T13:53:38.300Z,52.528,-168.14,33,3.1,mb,,,,1.12,us,usp0009pu0,2020-02-20T20:09:50.572Z,"66 km SE of Nikolski, Alaska",earthquake,,,,1,reviewed,us,us
2000-03-17T13:20:48.600Z,14.638,-92.926,45,4.3,md,,,,,us,usp0009ptx,2014-11-07T01:09:42.672Z,"55 km W of Puerto Madero, Mexico",earthquake,,,,,reviewed,unm,unm
2000-03-17T12:59:19.830Z,44.324,148.585,65.8,3.4,mb,,,,0.96,us,usp0009ptw,2014-11-07T01:09:42.662Z,"114 km SSE of Kuril’sk, Russia",earthquake,,22.8,,1,reviewed,us,us
2000-03-17T12:14:13.310Z,40.451,42.448,10,4,mb,,,,1.3,us,usp0009ptv,2014-11-07T01:09:42.660Z,"14 km SE of ?enkaya, Turkey",earthquake,,,,3,reviewed,us,us
2000-03-17T11:51:17.510Z,-52.964,25.013,10,5.6,mwc,,,,1.07,us,usp0009ptu,2022-04-29T19:09:35.418Z,"south of Africa",earthquake,,,,,reviewed,us,hrv
2000-03-17T10:54:28.316Z,61.4163,-149.9402,39.8,3.1,ml,,,,0.58,ak,ak0003jinoxb,2020-02-20T20:11:02.187Z,"6 km NNE of Point MacKenzie, Alaska",earthquake,,0.2,,,reviewed,ak,ak
2000-03-17T10:14:06.230Z,48.749,155.286,42.7,5,mb,,,,0.84,us,usp0009ptq,2014-11-07T01:09:42.628Z,"222 km SSW of Severo-Kuril’sk, Russia",earthquake,,,,73,reviewed,us,us
2000-03-17T10:13:53.920Z,43.899,140.018,210.3,4.2,mb,,,,1.03,us,usp0009ptp,2014-11-07T01:09:42.626Z,"98 km NW of Yoichi, Japan",earthquake,,18.5,,2,reviewed,us,us
2000-03-17T09:53:58.990Z,-22.371,170.077,64,4.3,mb,,,,1.27,us,usp0009ptn,2014-11-07T01:09:42.623Z,"244 km ESE of Tadine, New Caledonia",earthquake,,15,,6,reviewed,us,us
2000-03-17T09:38:40.210Z,44.468,8.817,0.1,2.8,ml,,,,,us,usp0009ptm,2014-11-07T01:09:42.620Z,"5 km ENE of Mele, Italy",earthquake,,,,,reviewed,gen,ldg
2000-03-17T09:28:14.800Z,-4.655,102.777,33,4.3,mb,,,,1.06,us,usp0009ptk,2014-11-07T01:09:42.619Z,"87 km SW of Pagar Alam, Indonesia",earthquake,,,,1,reviewed,us,us
2000-03-17T09:18:02.050Z,27.813,56.482,33,4.1,mb,,,,0.87,us,usp0009ptj,2014-11-07T01:09:42.617Z,"72 km NNE of Bandar Abbas, Iran",earthquake,,,,4,reviewed,us,us
2000-03-17T08:41:35.427Z,61.4436,-150.7223,52.2,2.5,ml,,,,0.56,ak,ak0003jhe1ye,2020-02-20T20:11:03.248Z,"15 km SW of Susitna, Alaska",earthquake,,0.9,,,reviewed,ak,ak
2000-03-17T07:53:46.920Z,-27.919,63.897,0,4.3,mb,,,,0.57,us,usp0009ptg,2014-11-07T01:09:42.613Z,"Southwest Indian Ridge",explosion,,,,4,reviewed,us,us
2000-03-17T07:46:32.940Z,-6.943,143.952,33,4.3,mb,,,,0.78,us,usp0009pte,2014-11-07T01:09:42.609Z,"73 km S of Ialibu, Papua New Guinea",earthquake,,,,6,reviewed,us,us
2000-03-17T07:14:46.950Z,40.6845,-124.535,22.938,2.74,md,32,233,0.2577,0.04,nc,nc21087054,2016-12-31T07:55:51.492Z,"25 km W of Indianola, California",earthquake,0.45,0.71,0.18,18,reviewed,nc,nc
2000-03-17T06:56:26.890Z,-40.158,-113.9,10,4.8,mb,,,,0.87,us,usp0009ptc,2014-11-07T01:09:42.603Z,"southern East Pacific Rise",earthquake,,,,17,reviewed,us,us
2000-03-17T06:35:04.020Z,37.899,16.041,10,3.2,md,,,,,us,usp0009ptb,2014-11-07T01:09:42.602Z,"5 km ESE of Palizzi Marina, Italy",earthquake,,,,,reviewed,rom,rom
2000-03-17T06:27:12.790Z,30.869,138.224,404.6,4.6,mb,,,,0.77,us,usp0009pta,2014-11-07T01:09:42.594Z,"Izu Islands, Japan region",earthquake,,5.7,,39,reviewed,us,us
2000-03-17T06:11:36.210Z,40.3928333,-125.1706667,9.673,2.86,md,36,261,0.6423,0.07,nc,nc21087052,2016-12-31T07:55:47.749Z,"79 km WSW of Ferndale, California",earthquake,1.72,10.19,0.15,17,reviewed,nc,nc
2000-03-17T04:54:21.180Z,-32.595,-71.83,10.7,3.2,md,,,,,us,usp0009pt8,2014-11-07T01:09:42.590Z,"52 km NNW of Valparaíso, Chile",earthquake,,,,,reviewed,guc,guc
2000-03-17T04:15:12.280Z,35.646,31.388,25,3.1,ml,,,,,us,usp0009pt7,2014-11-07T01:09:42.588Z,"108 km SW of Gazipa?a, Turkey",earthquake,,,,,reviewed,css,css
2000-03-17T03:52:43.730Z,37.942,16.077,17.6,3.8,mb,,,,1.17,us,usp0009pt6,2014-11-07T01:09:42.583Z,"2 km SW of Weather Station, Italy",earthquake,,4.7,,6,reviewed,us,us
2000-03-17T03:50:11.230Z,-34.063,-70.381,11,3.4,md,,,,,us,usp0009pt5,2014-11-07T01:09:42.580Z,"27 km ENE of Machalí, Chile",earthquake,,,,,reviewed,guc,guc
2000-03-17T03:34:10.520Z,40.386,-125.1061667,7.293,3.03,md,19,278,0.5946,0.06,nc,nc21087038,2016-12-31T07:55:29.342Z,"74 km WSW of Ferndale, California",earthquake,2.1,2.67,0.16,22,reviewed,nc,nc
2000-03-17T01:20:39.600Z,40.822,78.244,51.8,4.5,mb,,,,1.07,us,usp0009pt3,2014-11-07T01:09:42.576Z,"160 km W of Aykol, China",earthquake,,12.2,,4,reviewed,us,us
2000-03-17T00:52:28.010Z,2.582,97.318,62.6,4.5,mb,,,,0.92,us,usp0009pt1,2014-11-07T01:09:42.573Z,"61 km WNW of Singkil, Indonesia",earthquake,,41.7,,2,reviewed,us,us
2000-03-17T00:45:52.020Z,30.333,139.109,354.7,4.4,mb,,,,0.74,us,usp0009pt0,2014-11-07T01:09:42.569Z,"Izu Islands, Japan region",earthquake,,8,,24,reviewed,us,us
2000-03-16T23:25:50.010Z,40.2505,-124.8563333,4.062,2.5,md,7,314,0.4568,0.03,nc,nc21087000,2016-12-31T07:55:14.774Z,"61 km SW of Ferndale, California",earthquake,5.89,5.46,0.09,2,reviewed,nc,nc
2000-03-16T21:42:36.120Z,36.379,-120.3898333,7.464,3.7,mw,54,77,0.04505,0.11,nc,nc21086982,2016-12-31T07:55:08.240Z,"13 km S of Three Rocks, California",earthquake,0.22,0.25,,4,reviewed,nc,nc
2000-03-16T21:37:36.018Z,57.5586,-152.6298,1,4.7,mb,,,,0.82,ak,ak0003i1khi9,2020-02-20T20:11:06.142Z,"13 km S of Womens Bay, Alaska",earthquake,,0,,,reviewed,ak,ak
2000-03-16T20:28:12.320Z,46.24,13.733,10,2.5,ml,,,,1.14,us,usp0009psw,2014-11-07T01:09:42.549Z,"6 km N of Tolmin, Slovenia",earthquake,,,,,reviewed,us,vie
2000-03-16T20:05:26.200Z,-33.838,-68.4,33,4.3,md,,,,1.14,us,usp0009psu,2014-11-07T01:09:42.545Z,"84 km S of San Martín, Argentina",earthquake,,,,,reviewed,us,guc
2000-03-16T19:15:48.150Z,32.714,-109.148,0,2.7,ml,6,,,0.51,rusms,rusms00001786,2022-06-09T21:12:00.932Z,"4 km WSW of Duncan, Arizona",explosion,,,,,reviewed,us,us
2000-03-16T18:16:28.330Z,-31.848,-70.196,140.5,3.2,md,,,,,us,usp0009pss,2014-11-07T01:09:42.542Z,"73 km E of Salamanca, Chile",earthquake,,,,,reviewed,guc,guc
2000-03-16T17:40:39.550Z,42.771,141.807,135.2,4.2,mb,,,,1.01,us,usp0009psr,2014-11-07T01:09:42.539Z,"13 km ESE of Chitose, Japan",earthquake,,10.5,,8,reviewed,us,us
2000-03-16T16:08:40.900Z,-30.341,-178.967,33,5.3,mwc,,,,1.23,us,usp0009psq,2022-04-29T18:34:47.523Z,"Kermadec Islands, New Zealand",earthquake,,,,,reviewed,us,hrv
2000-03-16T16:06:47.100Z,40.4155,-125.1745,6.403,3.03,md,30,264,0.6423,0.08,nc,nc21086923,2016-12-31T07:54:14.185Z,"79 km WSW of Ferndale, California",earthquake,1.96,10.38,0.21,21,reviewed,nc,nc
2000-03-16T16:05:21.780Z,23.579,121.413,71.8,3.7,mb,,,,0.9,us,usp0009psn,2014-11-07T01:09:42.531Z,"48 km SSW of Hualien City, Taiwan",earthquake,,18.8,,1,reviewed,us,us
2000-03-16T15:43:21.590Z,40.3996667,-124.9886667,-0.762,3,md,21,255,0.5036,0.21,nc,nc21086917,2016-12-31T07:54:03.056Z,"64 km WSW of Ferndale, California",earthquake,1.45,2.16,0.18,16,reviewed,nc,nc
2000-03-16T15:20:50.510Z,-32.668,-71.803,26.4,4.3,md,,,,,us,usp0009psm,2014-11-07T01:09:42.528Z,"43 km NNW of Valparaíso, Chile",earthquake,,,,,reviewed,guc,guc
2000-03-16T15:19:56.380Z,40.3886667,-125.2385,4.803,5.7,mw,158,228,0.6946,0.29,nc,nc21086915,2022-04-29T18:34:46.403Z,"85 km WSW of Ferndale, California",earthquake,1.5,2.3,,4,reviewed,nc,nc
2000-03-16T14:39:05.230Z,43.17,-1.04,5,3.2,ml,,,,,us,usp0009psj,2014-11-07T01:09:42.493Z,"13 km WSW of Mauléon-Licharre, France",earthquake,,,,,reviewed,str,ldg
2000-03-16T13:33:08.520Z,-33.728,-179.585,33,4.7,mb,,,,1.24,us,usp0009psh,2014-11-07T01:09:42.490Z,"south of the Kermadec Islands",earthquake,,,,3,reviewed,us,us
2000-03-16T13:10:55.120Z,23.255,120.877,33,4.8,mb,,,,1.1,us,usp0009psf,2014-11-07T01:09:42.481Z,"44 km ENE of Yujing, Taiwan",earthquake,,,,30,reviewed,us,us
2000-03-16T12:45:14.620Z,11.501,140.823,41.9,4.7,mb,,,,1.12,us,usp0009pse,2014-11-07T01:09:42.479Z,"194 km N of Fais, Micronesia",earthquake,,,,9,reviewed,us,us
2000-03-16T10:07:27.380Z,43.41,13.101,10,3.4,md,,,,1.31,us,usp0009psc,2014-11-07T01:09:42.473Z,"3 km NW of Apiro, Italy",earthquake,,,,,reviewed,us,ldg
2000-03-16T09:59:46.510Z,-31.716,-70.528,139.8,2.9,md,,,,,us,usp0009psb,2014-11-07T01:09:42.471Z,"41 km E of Salamanca, Chile",earthquake,,,,,reviewed,guc,guc
2000-03-16T09:44:44.360Z,47.6081667,-119.3146667,1.475,3.2,md,25,102,0.1104,0.19,uw,uw10494048,2017-04-02T05:51:14.451Z,"1 km WSW of Coulee City, Washington",earthquake,0.608,3.53,0.03,13,reviewed,uw,uw
2000-03-16T09:35:50.510Z,61.4044,-149.9285,37.3,2.8,ml,,,,0.51,ak,ak0003huevxn,2020-02-20T20:11:11.277Z,"5 km NNE of Point MacKenzie, Alaska",earthquake,,0.2,,,reviewed,ak,ak
2000-03-16T09:26:40.995Z,61.4,-149.9204,37.4,2.8,ml,,,,0.71,ak,ak0003hucxr7,2020-02-20T20:11:12.160Z,"5 km NE of Point MacKenzie, Alaska",earthquake,,0.3,,,reviewed,ak,ak
2000-03-16T09:26:27.090Z,-26.472,34.617,5,3.7,mb,,,,1.04,us,usp0009ps7,2014-11-07T01:09:42.458Z,"185 km SSE of Xai-Xai, Mozambique",earthquake,,,,1,reviewed,us,us
2000-03-16T09:00:56.334Z,61.4371,-149.9305,35.3,2.8,ml,,,,0.82,ak,ak0003hu7ebl,2020-02-20T20:11:13.041Z,"8 km NNE of Point MacKenzie, Alaska",earthquake,,0.2,,,reviewed,ak,ak
2000-03-16T08:48:58.175Z,61.3927,-149.8951,39,5,mw,,,,0.63,ak,ak0003htw989,2022-04-29T18:34:45.227Z,"5 km NE of Point MacKenzie, Alaska",earthquake,,0.1,,,reviewed,ak,ak
2000-03-16T07:11:18.510Z,-6.956,155.043,33,5,mb,,,,0.79,us,usp0009ps3,2014-11-07T01:09:42.426Z,"85 km SW of Panguna, Papua New Guinea",earthquake,,,,16,reviewed,us,us
2000-03-16T06:13:19.090Z,-42.556,-82.772,10,5.5,mwc,,,,1.04,us,usp0009ps2,2025-12-19T22:47:13.300Z,"West Chile Rise",earthquake,,,,,reviewed,us,hrv
2000-03-16T04:35:17.760Z,34.044,-118.821,13.581,3.37,ml,0,71.8,,0.424,ci,ci9143123,2016-04-02T19:53:31.961Z,"4km NNW of Malibu, CA",earthquake,,0.142,,253,reviewed,ci,ci
2000-03-16T03:51:51.080Z,65.301,-86.096,5,4.5,mb,,,,1.18,us,usp0009pry,2014-11-07T01:09:42.413Z,"Southampton Island, Nunavut, Canada",earthquake,,,,4,reviewed,us,us
2000-03-16T03:48:49.530Z,19.379,-155.2411667,2.756,2.5,ml,13,134,,0.08,hv,hv1282733,2020-03-31T21:15:06.220Z,"7 km S of Volcano, Hawaii",earthquake,0.39,0.39,0.02,3,reviewed,hv,hv
2000-03-16T02:40:24.600Z,-41.89,174.68,31,3,ml,,,,,us,usp0009prx,2014-11-07T01:09:42.412Z,"65 km S of Brooklyn, New Zealand",earthquake,,,,,reviewed,wel,wel
2000-03-16T01:42:36.440Z,-17.887,-178.676,630.9,5.3,mwc,,,,0.88,us,usp0009prw,2025-12-19T22:42:34.002Z,"213 km E of Levuka, Fiji",earthquake,,5.1,,,reviewed,us,hrv
2000-03-16T00:37:53.720Z,22.605,121.618,33,4.8,mb,,,,0.96,us,usp0009prv,2014-11-07T01:09:42.390Z,"111 km NE of Hengchun, Taiwan",earthquake,,,,13,reviewed,us,us
2000-03-16T00:22:02.760Z,13.638,-71.034,33,4.5,mb,,,,1.28,us,usp0009prt,2014-11-07T01:09:42.384Z,"233 km NNW of Punto Fijo, Venezuela",earthquake,,,,20,reviewed,us,us
2000-03-15T23:35:01.510Z,12.05,143.432,33,3.7,mb,,,,1.25,us,usp0009prs,2014-11-07T01:09:42.382Z,"190 km SW of Merizo Village, Guam",earthquake,,,,1,reviewed,us,us
2000-03-15T22:00:29.390Z,40.925,71.047,33,4,mb,,,,1.02,us,usp0009prq,2014-11-07T01:09:42.378Z,"7 km NW of Pop, Uzbekistan",earthquake,,,,3,reviewed,us,us
2000-03-15T21:02:49.130Z,43.298,-105.015,0,2.6,ml,6,,,0.43,rusms,rusms00001784,2022-06-09T21:12:00.924Z,"42 km NW of Lance Creek, Wyoming",explosion,,,,,reviewed,us,us
2000-03-15T20:46:50.130Z,53.371,-163.643,10,4.7,mb,,,,,us,usp0009prp,2020-02-20T20:11:17.718Z,"164 km ESE of Akutan, Alaska",earthquake,,,,52,reviewed,aeic,us
2000-03-15T20:29:23.820Z,26.49,124.335,261.3,4.6,mb,,,,1.19,us,usp0009prn,2014-11-07T01:09:42.363Z,"210 km NNW of Hirara, Japan",earthquake,,,,22,reviewed,us,us
2000-03-15T20:13:58.970Z,-32.482,-68.558,100,3.7,md,,,,1.11,us,usp0009prm,2014-11-07T01:09:42.360Z,"51 km NNE of Mendoza, Argentina",earthquake,,,,,reviewed,us,guc
2000-03-15T19:53:46.150Z,33.062,-109.38,0,3.1,ml,12,,,0.63,rusms,rusms00001783,2022-06-09T21:12:00.918Z,"2 km SW of Morenci, Arizona",explosion,,,,,reviewed,us,us
2000-03-15T19:40:32.950Z,43.36,-104.996,0,2.8,ml,7,,,0.81,rusms,rusms00001782,2022-06-09T21:12:00.915Z,"46 km NW of Lance Creek, Wyoming",explosion,,,,,reviewed,us,us
2000-03-15T19:26:41.680Z,-34.42,-71.253,56.6,3.2,md,,,,,us,usp0009prk,2014-11-07T01:09:42.358Z,"15 km W of San Vicente, Chile",earthquake,,,,,reviewed,guc,guc
2000-03-15T18:58:49.360Z,36.298,71.399,114.7,4.3,mb,,,,0.96,us,usp0009prj,2014-11-07T01:09:42.356Z,"Afghanistan-Tajikistan-Pakistan region",earthquake,,11.4,,6,reviewed,us,us
2000-03-15T18:37:44.740Z,12.254,143.143,33,3.8,mb,,,,0.6,us,usp0009prh,2014-11-07T01:09:42.355Z,"199 km SW of Merizo Village, Guam",earthquake,,,,1,reviewed,us,us
2000-03-15T17:48:21.980Z,-32.51,-68.737,33,4.8,mb,,,,1.08,us,usp0009prg,2014-11-07T01:09:42.348Z,"43 km NNE of Mendoza, Argentina",earthquake,,,,16,reviewed,us,us
2000-03-15T17:01:59.600Z,49.659,-2.18,6,2.6,ml,,,,,us,usp0009prf,2014-11-07T01:09:42.346Z,"24 km W of Beaumont-Hague, France",earthquake,,,,,reviewed,ldg,ldg
2000-03-15T15:51:03.980Z,-9.418,112.786,47.4,4.9,mb,,,,0.95,us,usp0009prd,2014-11-07T01:09:42.341Z,"133 km S of Dampit, Indonesia",earthquake,,,,13,reviewed,us,us
2000-03-15T14:21:06.510Z,34.201,-116.849,0.038,2.69,ml,45,19,,0.16,ci,ci9143035,2016-04-02T17:29:37.188Z,"7km S of Big Bear City, CA",earthquake,0.21,0.48,0.229,63,reviewed,ci,ci
2000-03-15T13:39:51.880Z,37.487,-118.8395,1.091,2.8,md,39,120,0.06937,0.04,nc,nc21086729,2016-12-31T07:51:14.500Z,"13 km SW of Aspen Springs, California",earthquake,0.21,0.75,0.15,55,reviewed,nc,nc
2000-03-15T13:22:45.945Z,54.1258,-162.457,4.7,3,ml,,,,0.77,ak,ak0003g96h76,2020-02-20T20:11:19.782Z,"101 km SE of False Pass, Alaska",earthquake,,2.3,,,reviewed,ak,ak
2000-03-15T12:50:20.400Z,43.144,-0.43,12,2.8,ml,,,,,us,usp0009pr9,2014-11-07T01:09:42.333Z,"4 km N of Arudy, France",earthquake,,,,,reviewed,ldg,ldg
2000-03-15T12:48:59.978Z,59.1791,-142.8395,28.7,3,ml,,,,0.76,ak,ak0003g8qnal,2020-02-20T20:11:20.137Z,"181 km WSW of Yakutat, Alaska",earthquake,,7.8,,,reviewed,ak,ak
2000-03-15T12:47:01.057Z,60.2932,-150.8209,70.4,3.1,ml,,,,0.7,ak,ak0003g8qb15,2020-02-20T20:11:20.471Z,"23 km S of Funny River, Alaska",earthquake,,0.2,,,reviewed,ak,ak
2000-03-15T12:43:38.200Z,43.126,-0.416,12,2.7,ml,,,,,us,usp0009pr6,2014-11-07T01:09:42.324Z,"2 km NNE of Arudy, France",earthquake,,,,,reviewed,ldg,ldg
2000-03-15T12:26:50.710Z,34.303,45.919,114.4,3.5,mb,,,,0.64,us,usp0009pr5,2014-11-07T01:09:42.322Z,"18 km SSE of Sarpol-e Z?ah?b, Iran",earthquake,,17.8,,2,reviewed,us,us
2000-03-15T12:20:50.441Z,61.4451,-147.3263,10.2,2.7,ml,,,,0.63,ak,ak0003g8kmic,2020-02-20T20:11:20.901Z,"43 km SSE of Glacier View, Alaska",earthquake,,0.1,,,reviewed,ak,ak
2000-03-15T12:14:27.050Z,38.2843333,-108.928,-0.64,3.05,ml,8,198,0.04591,0.14,uu,uu50196775,2018-08-28T17:39:33.910Z,"Colorado",earthquake,1.68,1.62,,3,reviewed,uu,uu
2000-03-15T12:04:35.520Z,-23.893,-179.909,507.6,4.5,mb,,,,1.01,us,usp0009pr2,2014-11-07T01:09:42.311Z,"south of the Fiji Islands",earthquake,,,,10,reviewed,us,us
2000-03-15T11:50:57.330Z,-12.016,166.599,146.2,4.7,mb,,,,1,us,usp0009pr1,2014-11-07T01:09:42.304Z,"167 km SSE of Lata, Solomon Islands",earthquake,,,,11,reviewed,us,us
2000-03-15T11:20:21.230Z,51.651,16.267,5,3.2,ml,,,,1.18,us,usp0009pr0,2014-11-07T01:09:42.301Z,"6 km SSE of Szlichtyngowa, Poland",earthquake,,,,,reviewed,us,vie
2000-03-15T09:50:35.340Z,51.204,15.817,5,3.6,ml,,,,0.65,us,usp0009pqx,2014-11-07T01:09:42.296Z,"1 km ESE of Olszanica, Poland",earthquake,,,,,reviewed,us,vie
2000-03-15T09:31:07.260Z,19.721,-66.045,72,3.9,md,,,,,us,usp0009pqw,2014-11-07T01:09:42.295Z,"Puerto Rico region",earthquake,,,,,reviewed,rspr,rspr
2000-03-15T09:25:10.210Z,-3.043,141.903,33,3.9,mb,,,,0.87,us,usp0009pqv,2014-11-07T01:09:42.293Z,"50 km WNW of Aitape, Papua New Guinea",earthquake,,,,2,reviewed,us,us
2000-03-15T09:10:08.421Z,63.5604,-151.1029,8.6,4.3,mb,,,,1.02,ak,ak0003g6q3ai,2020-02-20T20:11:22.261Z,"30 km E of Denali National Park, Alaska",earthquake,,0.3,,,reviewed,ak,ak
2000-03-15T06:35:05.210Z,-44.396,-117.435,10,5.9,mwc,,,,0.91,us,usp0009pqt,2022-04-29T18:34:44.056Z,"South Pacific Ocean",earthquake,,,,,reviewed,us,hrv
2000-03-15T05:43:39.700Z,31.4273333,-114.6185,5.961,2.5,mh,5,342,1.125,0.2,ci,ci9142997,2016-02-16T21:30:23.328Z,"93km SSE of Estacion Coahuila, B.C., MX",earthquake,7.54,31.61,,0,reviewed,ci,ci
2000-03-15T04:48:20.500Z,41.421,-112.8668333,9.08,2.83,ml,32,176,0.3458,0.17,uu,uu50196755,2018-08-28T17:39:31.070Z,"54 km SW of Howell, Utah",earthquake,0.53,0.46,,10,reviewed,uu,uu
2000-03-15T03:23:17.180Z,10.468,-61.584,42,2.7,md,,,,,us,usp0009pqp,2014-11-07T01:09:42.159Z,"Trinidad",earthquake,,,,,reviewed,trn,trn
2000-03-15T01:34:33.400Z,-30.733,-71.387,61.9,4.6,mb,,,,0.94,us,usp0009pqm,2014-11-07T01:09:41.987Z,"23 km SW of Ovalle, Chile",earthquake,,,,19,reviewed,us,us
2000-03-15T00:09:24.700Z,15.987,-98.271,2.2,4.1,md,,,,,us,usp0009pqk,2014-11-07T01:09:41.943Z,"Near the coast of Oaxaca, Mexico",earthquake,,,,,reviewed,unm,unm
2000-03-14T23:55:00.970Z,-23.272,-66.243,226,4,mb,,,,0.91,us,usp0009pqj,2014-11-07T01:09:41.941Z,"57 km W of El Aguilar, Argentina",earthquake,,8.3,,4,reviewed,us,us
2000-03-14T23:49:59.540Z,14.072,-92.337,33,4.8,mb,,,,0.81,us,usp0009pqh,2014-11-07T01:09:41.928Z,"near the coast of Chiapas, Mexico",earthquake,,,,39,reviewed,us,us
2000-03-14T23:39:25.700Z,34.0065,-117.2148333,15.608,2.73,ml,47,32,,0.21,ci,ci9142970,2016-04-02T07:53:56.263Z,"6km SSW of Redlands, CA",earthquake,0.23,0.26,0.244,46,reviewed,ci,ci
2000-03-14T23:23:12.400Z,-39.23,174.6,12,3.7,ml,,,,,us,usp0009pqe,2014-11-07T01:09:41.921Z,"North Island of New Zealand",earthquake,,,,,reviewed,wel,wel
2000-03-14T22:38:39.483Z,54.7887,-160.6344,16.4,2.6,ml,,,,0.64,ak,ak0003er3g3w,2020-02-20T20:11:25.667Z,"61 km S of Sand Point, Alaska",earthquake,,1.3,,,reviewed,ak,ak
2000-03-14T22:23:22.350Z,18.642,-66.139,73.2,2.8,md,,,,,us,usp0009pqd,2014-11-07T01:09:41.897Z,"19 km N of San Juan, Puerto Rico",earthquake,,,,,reviewed,rspr,rspr
2000-03-14T22:11:32.710Z,33.097,-109.367,0,3.1,ml,8,,,0.71,rusms,rusms00001781,2022-06-09T21:12:00.912Z,"2 km N of Morenci, Arizona",explosion,,,,,reviewed,us,us
2000-03-14T22:10:21.700Z,-4.719,103.16,33,4.9,ms,,,,0.94,us,usp0009pqc,2014-11-07T01:09:41.886Z,"77 km S of Pagar Alam, Indonesia",earthquake,,,,49,reviewed,us,us
2000-03-14T22:01:55.140Z,18.054,-67.337,11.8,2.8,md,,,,,us,usp0009pqa,2014-11-07T01:09:41.883Z,"16 km W of Puerto Real, Puerto Rico",earthquake,,,,,reviewed,rspr,rspr
2000-03-14T21:13:52.600Z,28.901,51.945,33,4.3,mb,,,,0.97,us,usp0009pq9,2014-11-07T01:09:41.880Z,"southern Iran",earthquake,,,,14,reviewed,us,us
2000-03-14T20:49:14.510Z,34.525,31.997,25,2.5,ml,,,,,us,usp0009pq8,2014-11-07T01:09:41.878Z,"48 km SW of Paphos, Cyprus",earthquake,,,,,reviewed,css,css
2000-03-14T20:48:57.740Z,-61.826,160.116,10,5.6,mwc,,,,1.43,us,usp0009pq7,2022-04-29T19:09:33.784Z,"Balleny Islands region",earthquake,,,,,reviewed,us,hrv
2000-03-14T20:31:14.880Z,-32.322,-71.097,78.6,3.3,md,,,,,us,usp0009pq6,2014-11-07T01:09:41.865Z,"19 km NE of La Ligua, Chile",earthquake,,,,,reviewed,guc,guc
2000-03-14T20:22:18.830Z,-61.77,160.816,10,5.6,mwc,,,,1.2,us,usp0009pq5,2024-01-17T20:46:50.379Z,"Balleny Islands region",earthquake,,,,,reviewed,us,hrv
2000-03-14T18:59:45.160Z,18.015,-67.069,5.4,3.5,md,,,,,us,usp0009pq3,2014-11-07T01:09:41.851Z,"2 km SSE of Palmarejo, Puerto Rico",earthquake,,,,,reviewed,rspr,rspr
2000-03-14T18:42:35.530Z,-61.707,161.272,10,5.7,mwc,,,,0.94,us,usp0009pq2,2022-04-29T19:02:51.552Z,"Balleny Islands region",earthquake,,,,,reviewed,us,hrv
2000-03-14T13:49:50.840Z,-4.832,144.307,55.2,4.7,mb,,,,1.24,us,usp0009pq1,2014-11-07T01:09:41.838Z,"89 km SSE of Angoram, Papua New Guinea",earthquake,,8.8,,17,reviewed,us,us
2000-03-14T13:34:57.140Z,10.741,-41.069,10,4.7,mb,,,,1.2,us,usp0009ppz,2014-11-07T01:09:41.832Z,"northern Mid-Atlantic Ridge",earthquake,,,,21,reviewed,us,us
2000-03-14T13:30:48.550Z,41.312,-122.1341667,4.957,2.53,md,14,71,0.04595,0.06,nc,nc21086581,2016-12-31T07:48:55.209Z,"6 km N of McCloud, California",earthquake,0.23,0.6,0.19,10,reviewed,nc,nc
2000-03-14T12:16:38.150Z,-11.676,162.337,33,4.8,mb,,,,1.48,us,usp0009ppy,2014-11-07T01:09:41.830Z,"142 km SSE of Kirakira, Solomon Islands",earthquake,,,,4,reviewed,us,us
2000-03-14T11:06:33.530Z,34.7945,-116.267,2.863,2.7,ml,20,80,,0.16,ci,ci9142896,2016-04-02T04:41:20.274Z,"13km NW of Ludlow, CA",earthquake,0.42,0.49,0.211,60,reviewed,ci,ci
2000-03-14T09:51:29.690Z,34.394,32.13,15,2.9,ml,,,,,us,usp0009ppv,2014-11-07T01:09:41.824Z,"49 km SW of Koloni, Cyprus",earthquake,,,,,reviewed,css,css
2000-03-14T07:55:37.407Z,58.2419,-155.1767,3.4,3.1,ml,,,,1.71,ak,ak0003ei9l1o,2020-02-20T20:11:28.297Z,"86 km NNW of Karluk, Alaska",earthquake,,0.2,,,reviewed,ak,ak
2000-03-14T07:45:23.639Z,58.2271,-155.1845,0.8,3.2,ml,,,,0.66,ak,ak0003ei7etn,2020-02-20T20:09:51.505Z,"85 km NNW of Karluk, Alaska",earthquake,,0.8,,,reviewed,ak,ak
2000-03-14T07:26:16.570Z,15.889,-98.121,10,4.2,mb,,,,1.53,us,usp0009pps,2014-11-07T01:09:41.815Z,"35 km SSW of Santa María Chico Ometepec, Mexico",earthquake,,,,5,reviewed,us,us
2000-03-14T07:18:33.700Z,16.362,-97.953,75.2,4.2,mb,,,,1.41,us,usp0009ppr,2014-11-07T01:09:41.809Z,"2 km NNE of Rancho Viejo, Mexico",earthquake,,,,8,reviewed,us,us
2000-03-14T06:33:17.810Z,-6.95,106.234,33,4.2,mb,,,,1.03,us,usp0009ppp,2014-11-07T01:09:41.806Z,"Java, Indonesia",earthquake,,,,1,reviewed,us,us
2000-03-14T06:18:36.960Z,-36.273,-96.888,10,5.4,mwc,,,,0.9,us,usp0009ppn,2025-12-19T22:42:32.828Z,"West Chile Rise",earthquake,,,,,reviewed,us,hrv
2000-03-14T06:15:51.890Z,17.551,145.608,205.4,4.6,mb,,,,0.99,us,usp0009ppm,2014-11-07T01:09:41.790Z,"259 km N of Saipan, Northern Mariana Islands",earthquake,,,,25,reviewed,us,us
2000-03-14T06:06:13.710Z,-6.095,104.22,33,5,mb,,,,1.45,us,usp0009ppk,2014-11-07T01:09:41.788Z,"136 km WSW of Bandar Lampung, Indonesia",earthquake,,,,7,reviewed,us,us
2000-03-14T05:36:57.050Z,2.333,128.572,232.1,3.9,mb,,,,0.59,us,usp0009ppj,2014-11-07T01:09:41.786Z,"91 km NE of Tobelo, Indonesia",earthquake,,19.8,,2,reviewed,us,us
2000-03-14T05:00:39.340Z,-22.526,-66.089,253,3.8,mb,,,,0.73,us,usp0009pph,2014-11-07T01:09:41.784Z,"45 km WNW of Abra Pampa, Argentina",earthquake,,6,,5,reviewed,us,us
2000-03-14T04:23:46.550Z,16.159,-98.099,33,4.2,mb,,,,1.3,us,usp0009ppe,2014-11-07T01:09:41.775Z,"12 km SW of El Carrizo, Mexico",earthquake,,,,12,reviewed,us,us
2000-03-14T04:17:16.170Z,-17.169,-70.642,131.9,4.2,mb,,,,1.04,us,usp0009ppd,2014-11-07T01:09:41.772Z,"23 km ESE of Torata, Peru",earthquake,,15.7,,14,reviewed,us,us
2000-03-14T04:08:09.120Z,34.6973333,-116.2873333,4.351,2.53,ml,19,78,,0.13,ci,ci9142864,2016-04-02T04:41:17.400Z,"12km WSW of Ludlow, CA",earthquake,0.35,0.94,0.238,54,reviewed,ci,ci
2000-03-14T02:58:47.580Z,47.557,15.555,10,3.1,ml,,,,1.21,us,usp0009ppa,2014-11-07T01:09:41.763Z,"1 km NNW of Krieglach, Austria",earthquake,,,,,reviewed,us,grf
2000-03-14T02:14:49.570Z,-20.875,-178.712,567.5,4.6,mb,,,,0.95,us,usp0009pp9,2014-11-07T01:09:41.749Z,"Fiji region",earthquake,,,,29,reviewed,us,us
2000-03-14T02:14:11.010Z,-4.914,130.066,33,5.4,mwc,,,,0.83,us,usp0009pp8,2022-04-29T18:34:42.913Z,"215 km SE of Amahai, Indonesia",earthquake,,,,,reviewed,us,hrv
2000-03-14T01:46:10.050Z,-21.013,-178.715,584,4.7,mb,,,,0.88,us,usp0009pp7,2014-11-07T01:09:41.719Z,"Fiji region",earthquake,,,,37,reviewed,us,us
2000-03-14T01:44:30.321Z,37.4106,-117.1047,10.5,2.8,ml,22,161.4,0.164,0.15,nn,nn00004234,2018-04-24T22:24:12.020Z,"35 km SSE of Goldfield, Nevada",earthquake,,3.2,,,reviewed,nn,nn
2000-03-14T01:08:56.716Z,60.0762,-153.106,112.5,2.9,ml,,,,0.49,ak,ak0003eeey93,2020-02-20T20:11:24.695Z,"64 km ENE of Pedro Bay, Alaska",earthquake,,0.3,,,reviewed,ak,ak
2000-03-14T01:08:21.137Z,63.5004,-151.1195,12,2.5,ml,,,,0.72,ak,ak0003eeevi9,2020-02-20T20:11:29.952Z,"30 km E of Denali National Park, Alaska",earthquake,,0,,,reviewed,ak,ak
2000-03-14T01:01:45.663Z,54.5448,-161.6616,26.1,3,ml,,,,0.81,ak,ak0003eedfdy,2020-02-20T20:11:30.282Z,"71 km SE of King Cove, Alaska",earthquake,,1.4,,,reviewed,ak,ak
2000-03-14T00:52:25.360Z,54.38,86.205,10,4.1,mb,,,,1.39,us,usp0009pp4,2014-11-07T01:09:41.422Z,"7 km SW of Belovo, Russia",earthquake,,,,6,reviewed,us,us
2000-03-14T00:43:43.730Z,41.769,-108.722,0,2.7,ml,17,,,0.9,rusms,rusms00001780,2022-06-09T21:12:00.908Z,"11 km NNE of Point of Rocks, Wyoming",explosion,,,,,reviewed,us,us
2000-03-14T00:20:46.770Z,-16.613,-69.498,182.7,3.7,mb,,,,1.34,us,usp0009pp3,2014-11-07T01:09:41.420Z,"27 km ENE of Mazo Cruz, Peru",earthquake,,11,,1,reviewed,us,us
2000-03-14T00:02:20.630Z,-6.078,149.325,72.8,5.2,mwc,,,,0.77,us,usp0009pp2,2022-04-29T18:34:41.806Z,"28 km WNW of Kandrian, Papua New Guinea",earthquake,,6.9,,,reviewed,us,hrv
2000-03-13T23:16:19.090Z,29.204,51.44,33,4.7,mb,,,,0.97,us,usp0009pp1,2014-11-07T01:09:41.379Z,"22 km ESE of Bor?zj?n, Iran",earthquake,,,,49,reviewed,us,us
2000-03-13T22:46:12.610Z,-7.155,129.057,33,4.1,mb,,,,1.13,us,usp0009pny,2014-11-07T01:09:41.307Z,"272 km NE of Lospalos, Timor Leste",earthquake,,,,2,reviewed,us,us
2000-03-13T22:35:42.210Z,46.472,150.852,100.4,3.3,mb,,,,0.81,us,usp0009pnx,2014-11-07T01:09:41.304Z,"269 km ENE of Kuril’sk, Russia",earthquake,,10.8,,1,reviewed,us,us
2000-03-13T21:36:47.900Z,33.006,-109.276,0,2.9,ml,8,,,1.03,rusms,rusms00001779,2022-06-09T21:12:00.904Z,"5 km SSE of Clifton, Arizona",explosion,,,,,reviewed,us,us
2000-03-13T20:44:31.520Z,27.656,87.852,33,4.3,mb,,,,1.16,us,usp0009pnw,2014-11-07T01:09:41.300Z,"57 km NW of Gyalshing, India",earthquake,,,,5,reviewed,us,us
2000-03-13T20:32:13.180Z,78.351,7.642,10,4.2,mb,,,,1.07,us,usp0009pnu,2014-11-07T01:09:41.239Z,"181 km W of Longyearbyen, Svalbard and Jan Mayen",earthquake,,,,1,reviewed,us,us
2000-03-13T19:57:54.890Z,34.083,26.081,33,4.1,mb,,,,1.27,us,usp0009pnt,2014-11-07T01:09:41.229Z,"107 km SSE of Ierápetra, Greece",earthquake,,,,32,reviewed,us,us
2000-03-13T18:40:06.910Z,43.716,-105.273,0,2.6,ml,8,,,0.47,rusms,rusms00001777,2022-06-09T21:12:00.897Z,"18 km ESE of Wright, Wyoming",explosion,,,,,reviewed,us,us
2000-03-13T17:56:48.940Z,34.436,-116.2121667,-0.094,2.52,ml,25,62,0.07142,0.19,ci,ci9142812,2016-04-02T01:34:28.509Z,"32km S of Ludlow, CA",earthquake,0.4,0.81,0.294,47,reviewed,ci,ci
2000-03-13T17:37:35.150Z,34.4331667,-116.2171667,0.356,2.64,ml,29,41,,0.17,ci,ci9142808,2016-04-02T14:25:42.836Z,"32km S of Ludlow, CA",earthquake,0.32,0.75,0.252,51,reviewed,ci,ci
2000-03-13T17:05:59.570Z,-16.981,67.206,10,4.6,mb,,,,1.22,us,usp0009pns,2014-11-07T01:09:41.224Z,"Mid-Indian Ridge",earthquake,,,,5,reviewed,us,us
2000-03-13T15:57:32.090Z,-6.442,130.173,33,4.9,mb,,,,1.48,us,usp0009pnq,2014-11-07T01:09:41.217Z,"299 km WSW of Tual, Indonesia",earthquake,,,,13,reviewed,us,us
2000-03-13T14:20:13.260Z,34.9933333,-116.9456667,4.815,2.67,ml,31,55,,0.15,ci,ci9142775,2016-04-01T19:05:10.932Z,"13km NNE of Barstow, CA",earthquake,0.24,1.86,0.236,57,reviewed,ci,ci
2000-03-13T14:18:46.460Z,35.356,23.381,50.4,4.7,mb,,,,1.36,us,usp0009pnp,2014-11-07T01:09:41.193Z,"29 km WSW of Kíssamos, Greece",earthquake,,,,68,reviewed,us,us
2000-03-13T14:11:32.749Z,36.7619,-115.9109,4.8,3.1,ml,24,121.86,0.163,0.1241,nn,nn00004227,2018-04-24T22:24:10.734Z,"30 km NW of Indian Springs, Nevada",earthquake,,2.4,,,reviewed,nn,nn
2000-03-13T13:48:21.670Z,20.313,121.38,33,4,mb,,,,0.91,us,usp0009pnn,2014-11-07T01:09:41.192Z,"63 km WSW of Basco, Philippines",earthquake,,,,2,reviewed,us,us
2000-03-13T12:27:46.980Z,-7.344,-74.371,100,4.2,mb,,,,0.84,us,usp0009pnm,2014-11-07T01:09:41.189Z,"71 km E of Contamana, Peru",earthquake,,,,7,reviewed,us,us
2000-03-13T12:18:04.760Z,12.518,-88.791,33,4.3,mb,,,,1.25,us,usp0009pnk,2014-11-07T01:09:41.183Z,"88 km SSW of Puerto El Triunfo, El Salvador",earthquake,,,,23,reviewed,us,us
2000-03-13T12:06:47.250Z,51.677,16.167,5,4.1,mb,,,,1.16,us,usp0009pnj,2014-11-07T01:09:41.174Z,"5 km ENE of G?ogów, Poland",earthquake,,,,1,reviewed,us,us
2000-03-13T11:02:20.737Z,59.3046,-153.5052,107,2.8,ml,,,,0.53,ak,ak0003cwskqh,2020-02-20T20:11:33.885Z,"62 km ESE of Pope-Vannoy Landing, Alaska",earthquake,,0.5,,,reviewed,ak,ak
2000-03-13T10:47:33.750Z,-14.888,-177.589,400,4.2,mb,,,,0.82,us,usp0009pnf,2014-11-07T01:09:41.163Z,"85 km SE of Alo, Wallis and Futuna",earthquake,,,,11,reviewed,us,us
2000-03-13T09:51:47.640Z,-5.435,154.119,133.9,4.7,mb,,,,0.63,us,usp0009pne,2014-11-07T01:09:41.161Z,"179 km WNW of Panguna, Papua New Guinea",earthquake,,14.9,,3,reviewed,us,us
2000-03-13T08:47:38.900Z,15.297,-92.012,202,4.2,md,,,,,us,usp0009pnd,2014-11-07T01:09:41.159Z,"5 km E of Tectitán, Guatemala",earthquake,,,,,reviewed,unm,unm
2000-03-13T08:15:13.260Z,19.672,-105.133,68.1,4.4,mb,,,,0.92,us,usp0009pnc,2014-11-07T01:09:41.151Z,"5 km E of José María Morelos, Mexico",earthquake,,6.1,,27,reviewed,us,us
2000-03-13T08:02:35.700Z,45.89,-1.435,3,2.7,ml,,,,,us,usp0009pnb,2014-11-07T01:09:41.147Z,"11 km WSW of Saint-Pierre-d'Oléron, France",earthquake,,,,,reviewed,ldg,ldg
2000-03-13T07:10:28.600Z,19.021,145.36,228.1,4.5,mb,,,,0.78,us,usp0009pna,2014-11-07T01:09:41.142Z,"Maug Islands region, Northern Mariana Islands",earthquake,,10.8,,27,reviewed,us,us
2000-03-13T06:23:17.190Z,19.691,-157.4983333,32.777,3.15,ml,22,298,,0.12,hv,hv1282449,2020-03-31T21:15:01.250Z,"139 km SSW of Lanai City, Hawaii",earthquake,1.54,3.55,0.24,3,reviewed,hv,hv
2000-03-13T05:44:26.600Z,13.763,-92.583,33,4.6,md,,,,0.81,us,usp0009pn7,2014-11-07T01:09:41.135Z,"92 km SSW of Ocós, Guatemala",earthquake,,,,,reviewed,us,unm
2000-03-13T05:32:09.900Z,-40.01,175.18,5,3.1,ml,,,,,us,usp0009pn6,2014-11-07T01:09:41.133Z,"13 km SE of Wanganui, New Zealand",earthquake,,,,,reviewed,wel,wel
2000-03-13T04:16:07.700Z,43.297,-0.946,13.2,4.2,ml,,,,,us,usp0009pn3,2014-11-07T01:09:41.096Z,"7 km ESE of Saint-Palais, France",earthquake,,,,,reviewed,ldg,str
2000-03-13T04:04:28.000Z,-42.36,174.58,33,3.5,ml,,,,,us,usp0009pn2,2014-11-07T01:09:41.095Z,"107 km SSE of Blenheim, New Zealand",earthquake,,,,,reviewed,wel,wel
2000-03-13T01:22:44.510Z,14.079,-92.584,33,3.8,mb,,,,0.93,us,usp0009pn0,2014-11-07T01:09:41.088Z,"63 km SW of Ocós, Guatemala",earthquake,,,,4,reviewed,us,us
2000-03-13T01:09:20.629Z,61.8354,-147.9285,26.3,2.8,ml,,,,0.63,ak,ak0003cqvqou,2020-02-20T20:11:37.320Z,"14 km WNW of Glacier View, Alaska",earthquake,,0.7,,,reviewed,ak,ak
2000-03-12T23:49:29.200Z,-6.942,144.064,33,4.8,mb,,,,0.95,us,usp0009pmy,2014-11-07T01:09:41.080Z,"73 km S of Ialibu, Papua New Guinea",earthquake,,,,4,reviewed,us,us
2000-03-12T23:28:17.880Z,-28.806,-178.809,350,4.3,mb,,,,1.19,us,usp0009pmx,2014-11-07T01:09:41.077Z,"Kermadec Islands region",earthquake,,,,1,reviewed,us,us
2000-03-12T22:35:22.180Z,15.073,-92.556,88.1,4.2,md,,,,1.42,us,usp0009pmw,2014-11-07T01:09:41.074Z,"1 km WNW of Francisco I. Madero, Mexico",earthquake,,8.3,,,reviewed,us,unm
2000-03-12T22:21:30.470Z,14.975,-92.444,62,6.3,mwc,,,,0.87,us,usp0009pmv,2022-04-29T18:34:40.670Z,"3 km ESE of Plan de Ayala, Mexico",earthquake,,,,,reviewed,us,hrv
2000-03-12T22:11:24.310Z,12.323,-88.621,33,4.4,mb,,,,1.19,us,usp0009pmu,2014-11-07T01:09:41.021Z,"106 km S of Puerto El Triunfo, El Salvador",earthquake,,,,7,reviewed,us,us
2000-03-12T21:53:12.740Z,13.631,-88.948,200,4.3,mb,,,,0.98,us,usp0009pmt,2014-11-07T01:09:41.018Z,"9 km S of Cojutepeque, El Salvador",earthquake,,,,8,reviewed,us,us
2000-03-12T20:23:16.710Z,34.8563333,-116.4073333,3.803,2.78,ml,23,130,,0.2,ci,ci9142708,2016-04-01T19:05:07.970Z,"27km WNW of Ludlow, CA",earthquake,0.37,0.51,0.246,60,reviewed,ci,ci
2000-03-12T19:33:11.330Z,3.012,127.953,33,4.5,mb,,,,1.02,us,usp0009pmp,2014-11-07T01:09:41.012Z,"142 km N of Tobelo, Indonesia",earthquake,,,,1,reviewed,us,us
2000-03-12T19:32:24.680Z,12.5,-88.568,101.1,4.5,mb,,,,1.25,us,usp0009pmn,2014-11-07T01:09:41.009Z,"86 km S of Puerto El Triunfo, El Salvador",earthquake,,11.3,,7,reviewed,us,us
2000-03-12T18:58:09.660Z,45.805,16.116,10,3.2,ml,,,,0.62,us,usp0009pmj,2014-11-07T01:09:41.002Z,"2 km S of Sesvete, Croatia",earthquake,,,,,reviewed,us,vie
2000-03-12T18:45:05.570Z,41.728,-108.702,0,2.8,ml,19,,,1.02,rusms,rusms00001776,2022-06-09T21:12:00.889Z,"8 km NE of Point of Rocks, Wyoming",explosion,,,,,reviewed,us,us
2000-03-12T18:34:27.700Z,-24.385,-66.963,150,4.1,mb,,,,0.86,us,usp0009pmg,2014-11-07T01:09:40.998Z,"67 km WSW of San Antonio de los Cobres, Argentina",earthquake,,,,2,reviewed,us,us
2000-03-12T18:25:41.660Z,51.571,143.162,10,4.1,mb,,,,1.29,us,usp0009pmf,2014-11-07T01:09:40.995Z,"25 km S of Nogliki, Russia",earthquake,,,,2,reviewed,us,us
2000-03-12T18:20:18.750Z,11.995,-87.912,33,4.8,mb,,,,1.12,us,usp0009pme,2014-11-07T01:09:40.988Z,"96 km SW of Corinto, Nicaragua",earthquake,,,,26,reviewed,us,us
2000-03-12T18:15:10.960Z,12.517,-87.912,200,4.6,mb,,,,0.91,us,usp0009pmd,2014-11-07T01:09:40.986Z,"56 km WSW of Jiquilillo, Nicaragua",earthquake,,,,3,reviewed,us,us
2000-03-12T18:03:56.270Z,17.099,73.672,33,5,mwc,,,,1.08,us,usp0009pmc,2022-04-29T18:34:39.517Z,"26 km SE of M?khjan, India",earthquake,,,,,reviewed,us,hrv
2000-03-12T17:10:38.487Z,37.168,-117.1849,8.3,2.6,ml,14,110.12,0.145,0.1033,nn,nn00004176,2018-04-24T22:24:08.105Z,"47 km NW of Beatty, Nevada",earthquake,,2.8,,,reviewed,nn,nn
2000-03-12T16:44:04.733Z,61.7266,-151.4668,70.9,2.6,ml,,,,0.59,ak,ak0003bchd3t,2020-02-20T20:11:38.631Z,"29 km S of Skwentna, Alaska",earthquake,,0.8,,,reviewed,ak,ak
2000-03-12T15:02:33.130Z,37.377,140.044,33,4.2,mb,,,,0.39,us,usp0009pma,2014-11-07T01:09:40.972Z,"22 km SSW of Inawashiro, Japan",earthquake,,,,2,reviewed,us,us
2000-03-12T13:34:47.670Z,-12.804,166.564,87.9,5.3,mwc,,,,1.13,us,usp0009pm9,2022-04-29T18:34:38.279Z,"159 km NW of Sola, Vanuatu",earthquake,,16,,,reviewed,us,hrv
2000-03-12T12:14:50.570Z,31.826,50.016,33,4.5,mb,,,,1.04,us,usp0009pm7,2014-11-07T01:09:40.958Z,"68 km E of Masjed Soleym?n, Iran",earthquake,,,,21,reviewed,us,us
2000-03-12T11:37:27.020Z,-11.713,166.132,146.2,4.4,mb,,,,1.11,us,usp0009pm6,2014-11-07T01:09:40.955Z,"115 km SSE of Lata, Solomon Islands",earthquake,,26.3,,5,reviewed,us,us
2000-03-12T10:23:24.460Z,53.451,-34.524,10,4.2,mb,,,,1.07,us,usp0009pm4,2014-11-07T01:09:40.952Z,"Reykjanes Ridge",earthquake,,,,1,reviewed,us,us
2000-03-12T10:11:33.100Z,8.715,-83.347,20.1,4.2,md,,,,,us,usp0009pm3,2014-11-07T01:09:40.950Z,"28 km WNW of Golfito, Costa Rica",earthquake,,,,,reviewed,casc,casc
2000-03-12T09:36:13.500Z,34.666,-116.211,5.1,2.94,ml,0,43.7,,0.188,ci,ci9142647,2016-02-17T04:47:31.042Z,"8km SW of Ludlow, California",earthquake,,1.718,,196,reviewed,ci,ci
2000-03-12T08:59:02.060Z,16.266,-93.784,131.4,4.2,mb,,,,0.84,us,usp0009pm0,2014-11-07T01:09:40.903Z,"12 km ENE of Arriaga, Mexico",earthquake,,5.3,,12,reviewed,us,us
2000-03-12T08:42:23.570Z,-16.619,67.4,10,5.3,mwc,,,,1.27,us,usp0009pkz,2025-12-19T22:42:31.737Z,"Mid-Indian Ridge",earthquake,,,,,reviewed,us,hrv
2000-03-12T08:37:25.200Z,15.329,-95.767,11.3,4,md,,,,,us,usp0009pky,2014-11-07T01:09:40.892Z,"62 km SE of Crucecita, Mexico",earthquake,,,,,reviewed,unm,unm
2000-03-12T08:32:42.690Z,40.625,23.153,2.3,2.8,ml,,,,,us,usp0009pkx,2014-11-07T01:09:40.890Z,"4 km ENE of Chortiátis, Greece",earthquake,,,,,reviewed,the,the
2000-03-12T07:05:16.910Z,34.9591667,-120.7295,0.399,2.6,md,37,174,0.1054,0.07,nc,nc21086254,2016-12-31T07:44:36.776Z,"14 km W of Guadalupe, California",earthquake,0.35,1.91,0.09,45,reviewed,nc,nc
2000-03-12T06:59:34.970Z,34.9603333,-120.7278333,1.919,3.78,md,39,174,0.1045,0.1,nc,nc21086253,2016-12-31T07:44:27.540Z,"14 km W of Guadalupe, California",earthquake,0.31,1.04,0.08,128,reviewed,nc,nc
2000-03-12T06:14:25.010Z,6.674,-73.035,188.1,4.1,mb,,,,0.94,us,usp0009pkv,2014-11-07T01:09:40.884Z,"2 km SW of Aratoca, Colombia",earthquake,,12.2,,17,reviewed,us,us
2000-03-12T05:58:37.320Z,36.998,-4.031,0,2.9,mblg,,,,,us,usp0009pku,2014-11-07T01:09:40.879Z,"3 km WSW of Alhama de Granada, Spain",earthquake,,,,,reviewed,mdd,mdd
2000-03-12T05:51:37.211Z,62.5715,-151.1991,83.8,2.9,ml,,,,0.8,ak,ak0003b5z5yx,2020-02-20T20:11:41.405Z,"23 km WNW of Petersville, Alaska",earthquake,,1.1,,,reviewed,ak,ak
2000-03-12T05:48:39.760Z,-2.249,139.804,33,4,mb,,,,1.07,us,usp0009pks,2014-11-07T01:09:40.875Z,"99 km WNW of Abepura, Indonesia",earthquake,,,,1,reviewed,us,us
2000-03-12T05:22:43.510Z,54.7466,-160.0564,2.8,3,ml,,,,0.61,ak,ak0003b5syov,2020-02-20T20:11:41.789Z,"71 km SSE of Sand Point, Alaska",earthquake,,3.6,,,reviewed,ak,ak
2000-03-12T04:40:54.720Z,-5.394,154.14,128.3,4.2,mb,,,,1,us,usp0009pkr,2014-11-07T01:09:40.873Z,"180 km NW of Panguna, Papua New Guinea",earthquake,,17.5,,5,reviewed,us,us
2000-03-12T03:47:47.420Z,38.7861667,-122.7563333,2.344,2.78,md,48,27,0.03333,0.05,nc,nc21086234,2016-12-31T07:43:53.040Z,"4 km SW of Cobb, California",earthquake,0.11,0.31,0.11,59,reviewed,nc,nc
2000-03-12T03:44:49.000Z,20.076,-99.27,5,4.1,md,,,,,us,usp0009pkp,2014-11-07T01:09:40.869Z,"1 km SE of Teocalco, Mexico",earthquake,,,,,reviewed,unm,unm
2000-03-12T03:36:04.330Z,42.958,146.747,50.5,4.2,mb,,,,0.72,us,usp0009pkn,2014-11-07T01:09:40.866Z,"93 km S of Shikotan, Russia",earthquake,,9,,4,reviewed,us,us
2000-03-12T02:28:07.920Z,38.543,68.967,49,4.1,mb,,,,0.65,us,usp0009pkm,2014-11-07T01:09:40.865Z,"4 km WSW of Vahdat, Tajikistan",earthquake,,12.1,,4,reviewed,us,us
2000-03-12T02:09:46.040Z,38.118,11.188,10,3.5,mb,,,,0.77,us,usp0009pkk,2014-11-07T01:09:40.861Z,"102 km WNW of Favignana, Italy",earthquake,,,,1,reviewed,us,us
2000-03-12T01:57:07.500Z,-58.898,-29.637,33,4.5,mb,,,,1.38,us,usp0009pkj,2014-11-07T01:09:40.859Z,"South Sandwich Islands region",earthquake,,,,2,reviewed,us,us
2000-03-12T01:26:05.960Z,-31.647,-69.977,163.5,3.3,md,,,,,us,usp0009pkh,2014-11-07T01:09:40.857Z,"63 km WSW of Calingasta, Argentina",earthquake,,,,,reviewed,guc,guc
2000-03-12T00:45:58.570Z,34.405,32.096,25,3,ml,,,,,us,usp0009pkg,2014-11-07T01:09:40.855Z,"51 km SW of Koloni, Cyprus",earthquake,,,,,reviewed,css,css
2000-03-12T00:39:34.150Z,35.291,23.369,33,4,mb,,,,1.03,us,usp0009pkf,2014-11-07T01:09:40.848Z,"29 km WNW of Palaióchora, Greece",earthquake,,,,22,reviewed,us,us
2000-03-12T00:28:46.110Z,45.145,14.841,10,4,ml,,,,0.95,us,usp0009pke,2014-11-07T01:09:40.838Z,"4 km ENE of Novi Vinodolski, Croatia",earthquake,,,,,reviewed,us,str
2000-03-12T00:27:26.470Z,10.462,-61.803,3,3.6,md,,,,,us,usp0009pkd,2014-11-07T01:09:40.836Z,"34 km NNW of Point Fortin, Trinidad and Tobago",earthquake,,,,,reviewed,trn,trn
2000-03-11T23:15:00.060Z,-9.622,155.395,33,5.1,mwc,,,,1.1,us,usp0009pka,2025-12-19T22:42:30.682Z,"231 km SW of Gizo, Solomon Islands",earthquake,,,,,reviewed,us,hrv
2000-03-11T23:07:29.419Z,54.6064,-160.3281,19.6,2.9,ml,,,,0.63,ak,ak00039sw699,2020-02-20T20:11:43.487Z,"82 km S of Sand Point, Alaska",earthquake,,5.8,,,reviewed,ak,ak
2000-03-11T22:01:38.160Z,-31.708,-69.752,161.1,3.7,md,,,,,us,usp0009pk9,2014-11-07T01:09:40.828Z,"52 km SW of Calingasta, Argentina",earthquake,,,,,reviewed,guc,guc
2000-03-11T21:59:37.280Z,11.302,125.783,33,3.8,mb,,,,0.46,us,usp0009pk8,2014-11-07T01:09:40.826Z,"18 km E of Hernani, Philippines",earthquake,,,,1,reviewed,us,us
2000-03-11T21:58:47.950Z,11.244,125.727,33,4.4,mb,,,,0.43,us,usp0009pk7,2014-11-07T01:09:40.824Z,"12 km NNE of Salcedo, Philippines",earthquake,,,,5,reviewed,us,us
2000-03-11T21:46:07.950Z,33.8443333,-117.737,3.295,3.06,ml,70,33,,0.25,ci,ci9142593,2016-04-02T17:35:20.021Z,"8km ENE of Villa Park, CA",earthquake,0.25,0.52,0.22,74,reviewed,ci,ci
2000-03-11T21:41:28.070Z,11.357,125.776,33,4.7,mb,,,,0.93,us,usp0009pk5,2014-11-07T01:09:40.817Z,"17 km ENE of Hernani, Philippines",earthquake,,,,18,reviewed,us,us
2000-03-11T21:13:15.880Z,51.655,16.081,5,3.8,mb,,,,1.11,us,usp0009pk4,2014-11-07T01:09:40.810Z,"0 km SSW of G?ogów, Poland",earthquake,,,,1,reviewed,us,us
2000-03-11T20:27:52.410Z,28.574,130.643,33,4.6,mb,,,,0.99,us,usp0009pk3,2014-11-07T01:09:40.805Z,"115 km E of Naze, Japan",earthquake,,,,15,reviewed,us,us
2000-03-11T19:54:13.230Z,-30.333,-178.984,33,5.2,mwc,,,,1.17,us,usp0009pk2,2025-12-19T22:42:29.574Z,"Kermadec Islands, New Zealand",earthquake,,,,,reviewed,us,hrv
2000-03-11T18:12:39.550Z,1.227,126.355,33,4.4,mb,,,,1.01,us,usp0009pjz,2014-11-07T01:09:40.795Z,"124 km WNW of Ternate, Indonesia",earthquake,,,,4,reviewed,us,us
2000-03-11T17:19:13.550Z,27.535,139.709,459.5,5.2,mwc,,,,0.8,us,usp0009pjx,2025-12-19T22:42:28.383Z,"Bonin Islands, Japan region",earthquake,,,,,reviewed,us,hrv
2000-03-11T16:28:23.170Z,-17.607,-70.298,116.5,4.1,mb,,,,1.23,us,usp0009pjw,2014-11-07T01:09:40.768Z,"14 km SW of Chipispaya, Peru",earthquake,,16.5,,5,reviewed,us,us
2000-03-11T14:58:16.790Z,-33.508,-70.872,72,4.3,md,,,,,us,usp0009pjv,2014-11-07T01:09:40.765Z,"10 km N of Peñaflor, Chile",earthquake,,,,,reviewed,guc,guc
2000-03-11T14:23:16.370Z,21.391,120.793,33,3.9,mb,,,,0.82,us,usp0009pju,2014-11-07T01:09:40.764Z,"68 km S of Hengchun, Taiwan",earthquake,,,,1,reviewed,us,us
2000-03-11T14:20:45.060Z,40.399,-126.0131667,2.622,3.06,md,34,295,1.283,0.08,nc,nc21086156,2016-12-31T07:41:59.510Z,"149 km W of Ferndale, California",earthquake,4.17,10.43,0.09,24,reviewed,nc,nc
2000-03-11T13:35:46.100Z,37.5366667,-118.8145,3.877,3.07,md,38,109,0.03514,0.04,nc,nc21086142,2016-12-31T07:41:42.170Z,"9 km WSW of Aspen Springs, California",earthquake,0.24,0.53,0.12,59,reviewed,nc,nc
2000-03-11T12:47:29.910Z,-25.499,179.749,558.5,4.2,mb,,,,0.89,us,usp0009pjs,2014-11-07T01:09:40.760Z,"south of the Fiji Islands",earthquake,,41.4,,4,reviewed,us,us
2000-03-11T12:43:37.850Z,36.516,70.966,206.6,3.9,mb,,,,1.09,us,usp0009pjr,2014-11-07T01:09:40.758Z,"40 km SSE of Jurm, Afghanistan",earthquake,,13.7,,3,reviewed,us,us
2000-03-11T11:12:13.900Z,44.28,148.782,53.3,4,mb,,,,1.22,us,usp0009pjm,2014-11-07T01:09:40.752Z,"127 km SE of Kuril’sk, Russia",earthquake,,23.3,,4,reviewed,us,us
2000-03-11T10:35:26.890Z,41.932,12.916,10,4.7,mb,,,,1.16,us,usp0009pjj,2014-11-07T01:09:40.732Z,"southern Italy",earthquake,,,,16,reviewed,us,us
2000-03-11T10:33:44.110Z,-4.987,134.21,33,4.7,mb,,,,1.26,us,usp0009pjh,2014-11-07T01:09:40.728Z,"176 km ENE of Tual, Indonesia",earthquake,,,,8,reviewed,us,us
2000-03-11T10:05:10.490Z,0.938,126.544,33,4.4,mb,,,,1.12,us,usp0009pjg,2014-11-07T01:09:40.726Z,"94 km W of Ternate, Indonesia",earthquake,,,,9,reviewed,us,us
2000-03-11T09:32:20.740Z,-4.999,133.825,33,4.5,mb,,,,1.18,us,usp0009pjf,2014-11-07T01:09:40.723Z,"137 km ENE of Tual, Indonesia",earthquake,,,,7,reviewed,us,us
2000-03-11T07:55:26.420Z,21.455,-108.453,54.2,4,mb,,,,1.09,us,usp0009pje,2014-11-07T01:09:40.720Z,"217 km SE of La Playa, Mexico",earthquake,,22.4,,15,reviewed,us,us
2000-03-11T07:54:31.450Z,41.236,-6.947,0,2.5,mblg,,,,,us,usp0009pjd,2014-11-07T01:09:40.717Z,"11 km NE of Torre de Moncorvo, Portugal",earthquake,,,,,reviewed,mdd,mdd
2000-03-11T07:08:33.020Z,28.673,51.346,33,4.6,mb,,,,0.82,us,usp0009pjc,2014-11-07T01:09:40.709Z,"59 km ESE of Bushehr, Iran",earthquake,,,,42,reviewed,us,us
2000-03-11T07:03:56.880Z,51.16,15.774,5,3,ml,,,,1.06,us,usp0009pjb,2014-11-07T01:09:40.707Z,"Poland",earthquake,,,,,reviewed,us,vie
2000-03-11T06:59:43.890Z,18.311,146.574,72.7,4.2,mb,,,,1.02,us,usp0009pja,2014-11-07T01:09:40.705Z,"Pagan region, Northern Mariana Islands",earthquake,,18.3,,5,reviewed,us,us
2000-03-11T06:31:16.140Z,-31.641,-69.801,164.9,3.2,md,,,,,us,usp0009pj9,2014-11-07T01:09:40.702Z,"49 km SW of Calingasta, Argentina",earthquake,,,,,reviewed,guc,guc
2000-03-11T06:22:14.770Z,37.095,71.235,128.2,3.2,mb,,,,0.51,us,usp0009pj8,2014-11-07T01:09:40.701Z,"43 km NE of Jurm, Afghanistan",earthquake,,18.5,,1,reviewed,us,us
2000-03-11T06:16:50.600Z,40.4163333,-125.8666667,22.492,3.32,md,35,282,1.17,0.36,nc,nc21086102,2016-12-31T07:40:26.410Z,"137 km W of Ferndale, California",earthquake,6.61,22.05,0.15,30,reviewed,nc,nc
2000-03-11T06:11:59.730Z,36.38,-3.23,14.7,2.8,mblg,,,,,us,usp0009pj7,2014-11-07T01:09:40.698Z,"39 km SSE of Castell de Ferro, Spain",earthquake,,,,,reviewed,mdd,mdd
2000-03-11T05:58:27.800Z,-8.156,-74.273,148,3.8,mb,,,,0.6,us,usp0009pj6,2014-11-07T01:09:40.696Z,"39 km NE of Pucallpa, Peru",earthquake,,24,,8,reviewed,us,us
2000-03-11T04:16:36.590Z,-23.045,-69.348,92.3,4.4,mb,,,,1.02,us,usp0009pj4,2014-11-07T01:09:40.691Z,"78 km SW of Calama, Chile",earthquake,,,,9,reviewed,us,us
2000-03-11T03:56:53.400Z,-39.25,174.73,12,3.9,ml,,,,,us,usp0009pj2,2014-11-07T01:09:40.687Z,"42 km ENE of Eltham, New Zealand",earthquake,,,,,reviewed,wel,wel
2000-03-11T03:29:32.670Z,-34.035,138.537,10,3,ml,,,,1.07,us,usp0009pj1,2014-11-07T01:09:40.686Z,"16 km NE of Balaklava, Australia",earthquake,,,,,reviewed,us,aust
2000-03-11T02:31:29.270Z,48.455,15.061,10,3.4,ml,,,,0.81,us,usp0009pj0,2014-11-07T01:09:40.680Z,"2 km ENE of Schönbach, Austria",earthquake,,,,,reviewed,us,fur
2000-03-11T02:20:34.770Z,48.444,14.831,5,2.6,ml,,,,1.36,us,usp0009phz,2014-11-07T01:09:40.678Z,"4 km N of Königswiesen, Austria",earthquake,,,,,reviewed,us,vie
2000-03-11T01:52:49.500Z,28.918,51.762,33,3.9,mb,,,,1.05,us,usp0009phy,2014-11-07T01:09:40.676Z,"southern Iran",earthquake,,,,3,reviewed,us,us
2000-03-11T01:07:11.800Z,4.587,-76.208,140.8,3.8,mb,,,,1.42,us,usp0009phw,2014-11-07T01:09:40.673Z,"1 km NW of Versalles, Colombia",earthquake,,17.1,,2,reviewed,us,us
2000-03-11T01:06:18.020Z,29.988,140.821,140.4,4,mb,,,,1.09,us,usp0009phv,2014-11-07T01:09:40.671Z,"Izu Islands, Japan region",earthquake,,,,4,reviewed,us,us
2000-03-11T00:56:45.700Z,45.979,16.156,10,2.8,ml,,,,0.78,us,usp0009phu,2014-11-07T01:09:40.668Z,"4 km SE of Marija Bistrica, Croatia",earthquake,,,,,reviewed,us,vie
2000-03-11T00:34:02.140Z,40.4028333,-125.3825,23.112,3.2,md,33,280,0.8018,0.09,nc,nc30221424,2016-12-31T07:40:05.577Z,"96 km WSW of Ferndale, California",earthquake,1.9,8.7,0.16,21,reviewed,nc,nc
2000-03-10T23:56:57.360Z,39.6386667,-120.3346667,5.264,3.08,md,46,184,0.3793,0.11,nc,nc21086071,2016-12-31T07:39:50.070Z,"6 km NNE of Sierraville, California",earthquake,0.51,0.73,0.15,59,reviewed,nc,nc
2000-03-10T23:56:36.550Z,34.258,25.802,33,4.1,mb,,,,1.01,us,usp0009phs,2014-11-07T01:09:40.664Z,"83 km S of Ierápetra, Greece",earthquake,,,,1,reviewed,us,us
2000-03-10T22:47:37.587Z,61.8536,-149.5827,7.1,2.5,ml,,,,0.84,ak,ak000384zzfi,2020-02-20T20:11:46.434Z,"21 km WNW of Fishhook, Alaska",earthquake,,0.3,,,reviewed,ak,ak
2000-03-10T22:20:15.870Z,46.773,-122.788,0,2.9,md,9,,,0.57,rusms,rusms00001775,2024-01-17T20:46:48.496Z,"6 km ESE of Bucoda, Washington",explosion,,,,,reviewed,us,us
2000-03-10T22:01:45.970Z,34.356,26.029,10,5.3,mwc,,,,0.98,us,usp0009phq,2025-12-19T22:42:27.299Z,"77 km SSE of Ierápetra, Greece",earthquake,,,,,reviewed,us,hrv
2000-03-10T21:32:12.670Z,4.738,96.007,33,5.5,mwc,,,,1.33,us,usp0009php,2022-04-29T18:34:37.150Z,"61 km SSW of Reuleuet, Indonesia",earthquake,,,,,reviewed,us,hrv
2000-03-10T20:00:28.510Z,43.773,-105.263,0,2.9,ml,10,,,0.43,rusms,rusms00001772,2022-06-09T21:12:00.872Z,"18 km E of Wright, Wyoming",explosion,,,,,reviewed,us,us
2000-03-10T19:44:23.970Z,-6.738,143.744,10,5.4,mwc,,,,0.95,us,usp0009phj,2025-12-19T22:42:26.176Z,"57 km SSW of Ialibu, Papua New Guinea",earthquake,,,,,reviewed,us,hrv
2000-03-10T19:31:41.020Z,-3.425,139.273,78.4,4.3,mb,,,,1.15,us,usp0009phh,2014-11-07T01:09:40.569Z,"176 km WSW of Abepura, Indonesia",earthquake,,12.3,,2,reviewed,us,us
2000-03-10T19:24:32.220Z,32.583,-109.348,0,2.9,ml,5,,,1.72,rusms,rusms00001771,2022-06-09T21:12:00.867Z,"27 km WSW of Franklin, Arizona",explosion,,,,,reviewed,us,us
2000-03-10T19:13:54.560Z,44.071,-105.405,0,2.9,ml,15,,,0.47,rusms,rusms00001769,2022-06-09T21:12:00.859Z,"17 km SSE of Antelope Valley-Crestview, Wyoming",explosion,,,,,reviewed,us,us
2000-03-10T19:00:25.300Z,16.017,-97.09,54,3.8,md,,,,,us,usp0009phg,2014-11-07T01:09:40.568Z,"8 km S of San Gabriel Mixtepec, Mexico",earthquake,,,,,reviewed,unm,unm
2000-03-10T17:28:30.600Z,15.83,-93.665,98.4,4,md,,,,,us,usp0009phd,2014-11-07T01:09:40.564Z,"7 km SSE of Doctor Belisario Domínguez (La Barra), Mexico",earthquake,,,,,reviewed,unm,unm
2000-03-10T17:10:12.530Z,38.803,-122.7926667,4.181,3.21,ml,53,44,0.005405,0.06,nc,nc21086021,2016-12-31T07:38:17.780Z,"6 km WSW of Cobb, California",earthquake,0.12,0.26,,8,reviewed,nc,nc
2000-03-10T16:22:47.180Z,-8.701,106.379,33,5.5,mwb,,,,1.17,us,usp0009phb,2025-12-19T22:42:25.086Z,"190 km S of Pelabuhanratu, Indonesia",earthquake,,,,,reviewed,us,us
2000-03-10T15:56:44.180Z,34.015,-116.312,3.928,3.33,ml,0,49,,0.203,ci,ci9142412,2016-04-02T10:30:57.582Z,"13km S of Joshua Tree, CA",earthquake,,0.299,,226,reviewed,ci,ci
2000-03-10T15:51:42.600Z,17.18,-95.08,89.2,4.2,mb,,,,,us,usp0009ph9,2014-11-07T01:09:40.540Z,"4 km NNW of Palomares, Mexico",earthquake,,,,11,reviewed,unm,us
2000-03-10T14:56:08.380Z,19.33,-155.1943333,8.904,2.76,ml,27,120,,0.11,hv,hv1282169,2020-03-31T21:14:56.330Z,"13 km SSE of Volcano, Hawaii",earthquake,0.66,0.46,0.08,3,reviewed,hv,hv
2000-03-10T14:02:40.900Z,-39.19,174.4,12,4.6,ml,,,,,us,usp0009ph8,2014-11-07T01:09:40.539Z,"25 km SE of Waitara, New Zealand",earthquake,,,,,reviewed,wel,wel
2000-03-10T13:04:31.210Z,2.987,122.404,586.7,3.4,mb,,,,0.67,us,usp0009ph6,2014-11-07T01:09:40.536Z,"281 km NNW of Gorontalo, Indonesia",earthquake,,35.9,,1,reviewed,us,us
2000-03-10T12:55:10.760Z,-22.937,-66.561,271.8,3.9,mb,,,,0.47,us,usp0009ph5,2014-11-07T01:09:40.535Z,"91 km WSW of Abra Pampa, Argentina",earthquake,,15,,3,reviewed,us,us
2000-03-10T12:34:24.710Z,-31.904,-71.563,33.2,3.7,md,,,,,us,usp0009ph4,2014-11-07T01:09:40.533Z,"47 km SW of Illapel, Chile",earthquake,,,,,reviewed,guc,guc
2000-03-10T09:01:34.950Z,41.01,20.298,0,4.3,mb,,,,,us,usp0009ph3,2014-11-07T01:09:40.525Z,"Albania-Macedonia border region",earthquake,,,,7,reviewed,the,us
2000-03-10T08:42:22.930Z,34.323,-116.764,0.948,2.51,ml,0,31.4,,0.167,ci,ci9142376,2016-02-16T09:20:27.522Z,"10km NE of Big Bear City, California",earthquake,,0.241,,5,reviewed,ci,ci
2000-03-10T08:20:15.000Z,10.516,-86.571,20,4,md,,,,,us,usp0009ph2,2014-11-07T01:09:40.523Z,"101 km W of Sardinal, Costa Rica",earthquake,,,,,reviewed,casc,casc
2000-03-10T07:28:35.460Z,-21.709,-68.117,162.3,4,mb,,,,0.86,us,usp0009ph1,2014-11-07T01:09:40.522Z,"117 km NE of Calama, Chile",earthquake,,22,,2,reviewed,us,us
2000-03-10T07:00:09.700Z,9.249,-84.011,20.7,4,md,,,,,us,usp0009ph0,2014-11-07T01:09:40.520Z,"26 km SE of Quepos, Costa Rica",earthquake,,,,,reviewed,casc,casc
2000-03-10T06:43:16.600Z,-39.22,174.48,12,3.7,ml,,,,,us,usp0009pgz,2014-11-07T01:09:40.519Z,"North Island of New Zealand",earthquake,,,,,reviewed,wel,wel
2000-03-10T05:54:51.250Z,-32.746,-71.324,52.6,3.3,md,,,,,us,usp0009pgw,2014-11-07T01:09:40.514Z,"10 km WNW of Hacienda La Calera, Chile",earthquake,,,,,reviewed,guc,guc
2000-03-10T05:31:14.740Z,44.591,10.424,10,3.3,ml,,,,1.24,us,usp0009pgv,2014-11-07T01:09:40.506Z,"1 km SE of Ciano d'Enza, Italy",earthquake,,,,,reviewed,us,ldg
2000-03-10T04:04:10.940Z,-24.875,-69.688,44.8,3.8,mb,,,,1.32,us,usp0009pgu,2014-11-07T01:09:40.505Z,"99 km NE of Taltal, Chile",earthquake,,23.2,,1,reviewed,us,us
2000-03-10T04:00:18.460Z,50.822,157.105,55,5,mb,,,,0.81,us,usp0009pgt,2014-11-07T01:09:40.486Z,"70 km ENE of Severo-Kuril’sk, Russia",earthquake,,,,79,reviewed,us,us
2000-03-10T03:44:00.620Z,-16.019,167.901,182.7,4.2,mb,,,,1.17,us,usp0009pgs,2014-11-07T01:09:40.483Z,"52 km E of Lakatoro, Vanuatu",earthquake,,17.2,,1,reviewed,us,us
2000-03-10T02:52:50.710Z,44.49,148.227,33,4.3,mb,,,,0.71,us,usp0009pgp,2014-11-07T01:09:40.478Z,"86 km SSE of Kuril’sk, Russia",earthquake,,,,8,reviewed,us,us
2000-03-10T00:36:42.160Z,34.003,138.917,33,4,mb,,,,1.25,us,usp0009pgk,2014-11-07T01:09:40.472Z,"74 km S of Shimoda, Japan",earthquake,,,,3,reviewed,us,us
2000-03-10T00:29:59.840Z,-21.613,-179.585,620.6,4.8,mb,,,,0.96,us,usp0009pgh,2014-11-07T01:09:40.466Z,"Fiji region",earthquake,,40.1,,8,reviewed,us,us
2000-03-09T23:37:36.610Z,-29.744,-177.904,33,4.8,mb,,,,1.28,us,usp0009pgf,2014-11-07T01:09:40.461Z,"Kermadec Islands, New Zealand",earthquake,,,,5,reviewed,us,us
2000-03-09T22:51:43.330Z,-38.501,179.019,33,4.5,mb,,,,1.18,us,usp0009pge,2014-11-07T01:09:40.458Z,"90 km E of Gisborne, New Zealand",earthquake,,,,2,reviewed,us,us
2000-03-09T21:29:56.370Z,-5.806,130.774,75.5,4.4,mb,,,,0.75,us,usp0009pgd,2014-11-07T01:09:40.457Z,"220 km W of Tual, Indonesia",earthquake,,15.3,,2,reviewed,us,us
2000-03-09T21:29:28.950Z,12.167,95.234,33,4.8,mb,,,,1.01,us,usp0009pgc,2014-11-07T01:09:40.454Z,"276 km ENE of Port Blair, India",earthquake,,,,9,reviewed,us,us
2000-03-09T20:58:12.900Z,47.202,7.485,3,2.5,ml,,,,,us,usp0009pgb,2014-11-07T01:09:40.452Z,"2 km E of Selzach, Switzerland",earthquake,,,,,reviewed,ldg,ldg
2000-03-09T20:52:53.660Z,34.399,32.151,25,2.6,ml,,,,,us,usp0009pga,2014-11-07T01:09:40.450Z,"48 km SW of Koloni, Cyprus",earthquake,,,,,reviewed,css,css
2000-03-09T20:46:22.630Z,47.272,154.301,33,4.1,mb,,,,1.46,us,usp0009pg9,2014-11-07T01:09:40.449Z,"Kuril Islands",earthquake,,,,1,reviewed,us,us
2000-03-09T20:34:13.000Z,33.025,-109.366,0,2.7,ml,6,,,0.54,rusms,rusms00001767,2022-06-09T21:12:00.850Z,"5 km S of Morenci, Arizona",explosion,,,,,reviewed,us,us
2000-03-09T20:25:17.860Z,10.923,-62.259,69,2.7,md,,,,,us,usp0009pg8,2014-11-07T01:09:40.447Z,"38 km N of Güiria, Venezuela",earthquake,,,,,reviewed,trn,trn
2000-03-09T19:58:04.780Z,-33.817,-179.91,33,4.9,mb,,,,1.07,us,usp0009pg6,2014-11-07T01:09:40.440Z,"south of the Kermadec Islands",earthquake,,,,1,reviewed,us,us
2000-03-09T19:57:53.530Z,35.615,31.058,25,3.6,ml,,,,,us,usp0009pg5,2014-11-07T01:09:40.437Z,"104 km SE of Beykonak, Turkey",earthquake,,,,,reviewed,css,css
2000-03-09T19:17:38.440Z,49.176,147.247,579.2,4.8,mb,,,,0.7,us,usp0009pg3,2014-11-07T01:09:40.382Z,"Sea of Okhotsk",earthquake,,,,100,reviewed,us,us
2000-03-09T19:08:13.690Z,39.864,38.858,5,3.4,md,,,,,us,usp0009pg2,2014-11-07T01:09:40.380Z,"8 km ESE of Refahiye, Turkey",earthquake,,,,,reviewed,isk,isk
2000-03-09T18:34:50.750Z,33.031,-109.328,0,2.6,ml,6,,,0.36,rusms,rusms00001766,2022-06-09T21:12:00.846Z,"3 km SW of Clifton, Arizona",explosion,,,,,reviewed,us,us
2000-03-09T17:34:38.130Z,-5.378,154.123,100.1,4.8,mb,,,,0.96,us,usp0009pg1,2014-11-07T01:09:40.377Z,"183 km NW of Panguna, Papua New Guinea",earthquake,,,,14,reviewed,us,us
2000-03-09T17:02:37.160Z,34.112,-117.4746667,15.124,3.03,ml,64,23,,0.22,ci,ci9142274,2016-04-02T01:31:13.304Z,"2km NW of Fontana, CA",earthquake,0.22,0.28,0.252,70,reviewed,ci,ci
2000-03-09T15:09:49.990Z,40.194,29.316,24,2.6,md,,,,,us,usp0009pfy,2014-11-07T01:09:40.373Z,"8 km E of Kestel, Turkey",earthquake,,,,,reviewed,isk,isk
2000-03-09T14:47:21.400Z,-40.01,175.02,12,3.7,ml,,,,,us,usp0009pfx,2014-11-07T01:09:40.371Z,"8 km SSW of Wanganui, New Zealand",earthquake,,,,,reviewed,wel,wel
2000-03-09T14:21:03.960Z,10.722,-86.562,33,4.1,mb,,,,1.25,us,usp0009pfv,2014-11-07T01:09:40.367Z,"95 km SW of San Juan del Sur, Nicaragua",earthquake,,,,5,reviewed,us,us
2000-03-09T14:08:42.940Z,-15.561,-174.856,33,4.5,mb,,,,0.98,us,usp0009pfu,2014-11-07T01:09:40.364Z,"121 km WNW of Hihifo, Tonga",earthquake,,,,11,reviewed,us,us
2000-03-09T13:53:00.610Z,-5.357,154.153,123.4,4.4,mb,,,,0.94,us,usp0009pfs,2014-11-07T01:09:40.360Z,"181 km NW of Panguna, Papua New Guinea",earthquake,,14.4,,8,reviewed,us,us
2000-03-09T13:25:23.600Z,-40.01,175.05,12,3.7,ml,,,,,us,usp0009pfr,2014-11-07T01:09:40.359Z,"8 km S of Wanganui, New Zealand",earthquake,,,,,reviewed,wel,wel
2000-03-09T12:29:40.750Z,35.647,22.066,33,3.7,mb,,,,0.94,us,usp0009pfq,2014-11-07T01:09:40.357Z,"100 km SW of Kýthira, Greece",earthquake,,,,2,reviewed,us,us
2000-03-09T12:17:07.310Z,34.857,-116.403,4.591,2.98,ml,0,70,,0.165,ci,ci9142243,2016-02-17T02:24:26.377Z,"27km NW of Ludlow, California",earthquake,,1.141,,201,reviewed,ci,ci
2000-03-09T07:33:32.230Z,34.272,-118.631,14.09,2.84,mc,0,60.3,,0.194,ci,ci9142222,2016-02-17T11:57:37.777Z,"3km NW of Chatsworth, California",earthquake,,0.69,,20,reviewed,ci,ci
2000-03-09T07:25:27.200Z,10.805,-86.521,33,4.2,mb,,,,1.26,us,usp0009pfn,2014-11-07T01:09:40.351Z,"86 km SW of San Juan del Sur, Nicaragua",earthquake,,,,16,reviewed,us,us
2000-03-09T07:10:48.460Z,-58.288,-25.475,33,4.6,mb,,,,0.68,us,usp0009pfm,2014-11-07T01:09:40.347Z,"South Sandwich Islands region",earthquake,,,,7,reviewed,us,us
2000-03-09T06:19:08.220Z,-33.324,-71.15,56.9,3.5,md,,,,,us,usp0009pfk,2014-11-07T01:09:40.345Z,"25 km W of Lampa, Chile",earthquake,,,,,reviewed,guc,guc
2000-03-09T06:05:42.680Z,-6.702,68.427,10,4.9,mb,,,,1.12,us,usp0009pfj,2014-11-07T01:09:40.337Z,"Chagos Archipelago region",earthquake,,,,28,reviewed,us,us
2000-03-09T05:56:53.357Z,61.5384,-146.5205,30.1,2.6,ml,,,,0.69,ak,ak000367e8bb,2020-02-20T20:11:58.771Z,"46 km NNW of Valdez, Alaska",earthquake,,1.1,,,reviewed,ak,ak
2000-03-09T05:08:43.640Z,23.102,121.563,33,4.8,mb,,,,1.23,us,usp0009pfg,2014-11-07T01:09:40.327Z,"96 km S of Hualien City, Taiwan",earthquake,,,,17,reviewed,us,us
2000-03-09T04:25:42.000Z,16.671,-99.214,16.1,3.9,md,,,,,us,usp0009pff,2014-11-07T01:09:40.325Z,"10 km S of Las Vigas, Mexico",earthquake,,,,,reviewed,unm,unm
2000-03-09T04:20:38.470Z,-3.75,151.603,33,4.4,mb,,,,1.11,us,usp0009pfe,2014-11-07T01:09:40.323Z,"79 km NW of Rabaul, Papua New Guinea",earthquake,,,,2,reviewed,us,us
2000-03-09T04:14:59.680Z,-3.876,151.359,33,5.5,mwc,,,,1.13,us,usp0009pfd,2022-04-29T18:34:35.969Z,"96 km WNW of Rabaul, Papua New Guinea",earthquake,,,,,reviewed,us,hrv
2000-03-09T04:12:54.700Z,43.094,-0.527,3,2.9,ml,,,,,us,usp0009pfc,2014-11-07T01:09:40.304Z,"6 km SSW of Ogeu-les-Bains, France",earthquake,,,,,reviewed,ldg,ldg
2000-03-09T04:08:04.870Z,-3.749,151.338,33,5,mb,,,,1.18,us,usp0009pfb,2014-11-07T01:09:40.299Z,"104 km WNW of Rabaul, Papua New Guinea",earthquake,,,,24,reviewed,us,us
2000-03-09T00:54:43.790Z,51.043,15.793,5,3.1,ml,,,,0.56,us,usp0009pfa,2014-11-07T01:09:40.297Z,"7 km WNW of ?wierzawa, Poland",earthquake,,,,,reviewed,us,vie
2000-03-09T00:46:39.350Z,17.825,-65.66,8.5,3.4,md,,,,,us,usp0009pf8,2014-11-07T01:09:40.294Z,"30 km SE of Emajagua, Puerto Rico",earthquake,,,,,reviewed,rspr,rspr
2000-03-09T00:36:28.400Z,17.171,-100.047,20,3.9,md,,,,,us,usp0009pf7,2014-11-07T01:09:40.293Z,"4 km WSW of Las Compuertas, Mexico",earthquake,,,,,reviewed,unm,unm
2000-03-09T00:10:25.560Z,46.626,16.385,10,2.9,ml,,,,0.98,us,usp0009pf6,2014-11-07T01:09:40.290Z,"3 km SE of Dobrovnik, Slovenia",earthquake,,,,,reviewed,us,vie
2000-03-08T23:07:13.097Z,62.2928,-151.3767,97.9,5.4,mw,,,,0.77,ak,ak00034ua3il,2025-12-19T22:42:23.898Z,"33 km N of Skwentna, Alaska",earthquake,,0.3,,,reviewed,ak,ak
2000-03-08T22:45:24.380Z,35.648,-117.6333333,4.67,2.9,ml,28,63,0.1052,0.18,ci,ci9142186,2016-04-01T22:15:51.556Z,"5km NE of Ridgecrest, CA",earthquake,0.26,19.34,0.179,51,reviewed,ci,ci
2000-03-08T22:41:05.600Z,16.922,-100.108,29.7,4.2,md,,,,,us,usp0009pf2,2014-11-07T01:09:40.248Z,"3 km WSW of Los Mogotes, Mexico",earthquake,,,,,reviewed,unm,unm
2000-03-08T22:37:16.770Z,26.816,66.568,33,4.6,mb,,,,1.44,us,usp0009pf1,2014-11-07T01:09:40.246Z,"70 km NNE of Bela, Pakistan",earthquake,,,,5,reviewed,us,us
2000-03-08T22:11:28.560Z,45.792,26.767,62.6,4.4,mb,,,,1.34,us,usp0009pf0,2014-11-07T01:09:40.227Z,"4 km ENE of Paltin, Romania",earthquake,,,,42,reviewed,us,us
2000-03-08T21:37:17.750Z,-23.908,-67.04,183.7,5.2,mwc,,,,1,us,usp0009pez,2025-12-19T22:42:22.715Z,"80 km WNW of San Antonio de los Cobres, Argentina",earthquake,,4.9,,,reviewed,us,hrv
2000-03-08T21:34:51.080Z,-32.157,-71.212,43.5,4,md,,,,,us,usp0009pey,2014-11-07T01:09:40.191Z,"32 km N of La Ligua, Chile",earthquake,,,,,reviewed,guc,guc
2000-03-08T20:59:50.860Z,33.062,-109.392,0,2.6,ml,6,,,0.14,rusms,rusms00001764,2022-06-09T21:12:00.837Z,"3 km SW of Morenci, Arizona",explosion,,,,,reviewed,us,us
2000-03-08T20:00:05.960Z,-12.524,166.298,89.1,4.2,mb,,,,1.3,us,usp0009pex,2014-11-07T01:09:40.188Z,"202 km NW of Sola, Vanuatu",earthquake,,,,3,reviewed,us,us
2000-03-08T18:26:23.240Z,37.083,-12.21,10,4,mb,,,,1.02,us,usp0009pev,2014-11-07T01:09:40.175Z,"290 km W of Sagres, Portugal",earthquake,,,,2,reviewed,us,us
2000-03-08T18:12:29.640Z,-10.517,123.435,33,4.5,mb,,,,1.49,us,usp0009peu,2014-11-07T01:09:40.173Z,"42 km SSW of Kupang, Indonesia",earthquake,,,,4,reviewed,us,us
2000-03-08T17:41:32.000Z,44.089,11.711,10,3.1,ml,,,,1.29,us,usp0009pes,2014-11-07T01:09:40.166Z,"2 km WNW of Tredozio, Italy",earthquake,,,,,reviewed,us,vie
2000-03-08T17:14:45.420Z,37.203,35.254,10,3.6,mb,,,,1.27,us,usp0009per,2014-11-07T01:09:40.162Z,"18 km ESE of Karaisal?, Turkey",earthquake,,,,2,reviewed,us,us
2000-03-08T16:07:34.449Z,59.9944,-152.2629,86.5,2.5,ml,,,,0.82,ak,ak00034q43xg,2020-02-20T20:12:04.188Z,"30 km W of Happy Valley, Alaska",earthquake,,0.3,,,reviewed,ak,ak
2000-03-08T15:29:08.570Z,34.689,-116.3,0.41,2.65,ml,0,48.9,,0.165,ci,ci9142153,2016-02-17T04:47:07.781Z,"13km WSW of Ludlow, California",earthquake,,0.581,,154,reviewed,ci,ci
2000-03-08T15:25:04.170Z,38.8918333,-111.9781667,1.63,3.3,ml,18,55,0.114,0.2,uu,uu50196235,2018-08-28T17:38:25.640Z,"5 km SW of Aurora, Utah",earthquake,0.49,13.92,,8,reviewed,uu,uu
2000-03-08T15:17:06.590Z,38.8736667,-111.9786667,10.96,2.76,ml,20,53,0.1261,0.23,uu,uu50196220,2018-08-28T17:38:23.660Z,"3 km NNW of Sigurd, Utah",earthquake,0.58,0.76,,4,reviewed,uu,uu
2000-03-08T15:12:28.960Z,12.999,144.06,79.5,4.8,mb,,,,0.62,us,usp0009pem,2014-11-07T01:09:40.150Z,"72 km WSW of Merizo Village, Guam",earthquake,,9.7,,5,reviewed,us,us
2000-03-08T15:04:36.910Z,38.8873333,-111.9963333,1.73,2.53,ml,8,204,0.1067,0.21,uu,uu50196200,2018-08-28T17:38:21.010Z,"5 km NNW of Sigurd, Utah",earthquake,2.21,14.15,,2,reviewed,uu,uu
2000-03-08T14:55:04.280Z,64.252,-149.446,10,2.7,ml,,,,0.99,us,usp0009pej,2014-11-07T01:09:40.147Z,"12 km W of Clear, Alaska, Alaska",earthquake,,,,,reviewed,us,pmr
2000-03-08T14:54:51.476Z,66.4712,-146.2764,19.3,3.1,ml,,,,0.63,ak,ak00034p7cor,2020-02-20T20:09:51.834Z,"31 km NW of Birch Creek, Alaska",earthquake,,1.4,,,reviewed,ak,ak
2000-03-08T14:22:26.380Z,28.834,34.731,10,4.9,mb,,,,1.49,us,usp0009peh,2014-11-07T01:09:40.143Z,"24 km SSE of Nuwaybi‘a, Egypt",earthquake,,,,5,reviewed,us,us
2000-03-08T14:20:57.427Z,57.341,-154.2517,39.5,5.4,mw,,,,0.77,ak,ak00034p02su,2022-04-29T18:34:34.872Z,"27 km SW of Larsen Bay, Alaska",earthquake,,1.7,,,reviewed,ak,ak
2000-03-08T14:00:16.733Z,59.8364,-153.3605,134,2.9,ml,,,,0.56,ak,ak00034ovpc9,2020-02-20T20:12:06.461Z,"42 km E of Pedro Bay, Alaska",earthquake,,0.5,,,reviewed,ak,ak
2000-03-08T13:16:43.000Z,47.8,-113.88,3.2,3.2,ml,,,,,us,usp0009pee,2014-11-07T01:09:40.080Z,"14 km S of Swan Lake, Montana",earthquake,,,,,reviewed,but,but
2000-03-08T13:15:20.330Z,55.84,165.023,33,3.5,mb,,,,1.11,us,usp0009ped,2014-11-07T01:09:40.078Z,"164 km ESE of Ust’-Kamchatsk Staryy, Russia",earthquake,,,,2,reviewed,us,us
2000-03-08T12:14:48.340Z,13.624,-92.158,33,4.2,md,,,,1.2,us,usp0009pec,2014-11-07T01:09:40.076Z,"78 km SSW of Champerico, Guatemala",earthquake,,,,,reviewed,us,unm
2000-03-08T11:53:43.190Z,1.879,128.63,33,4.8,mb,,,,1.2,us,usp0009peb,2014-11-07T01:09:40.074Z,"71 km ENE of Tobelo, Indonesia",earthquake,,,,5,reviewed,us,us
2000-03-08T11:44:35.410Z,51.289,15.782,5,3.2,ml,,,,1.04,us,usp0009pea,2014-11-07T01:09:40.072Z,"8 km S of Gromadka, Poland",earthquake,,,,,reviewed,us,vie
2000-03-08T11:10:38.586Z,61.4789,-146.5823,15.1,2.9,ml,,,,0.73,ak,ak00034n5lde,2020-02-20T20:12:08.361Z,"40 km NNW of Valdez, Alaska",earthquake,,0.1,,,reviewed,ak,ak
2000-03-08T09:57:22.790Z,38.285,21.905,0,4.3,mb,,,,,us,usp0009pe7,2014-11-07T01:09:40.056Z,"6 km ENE of Áno Kastrítsi, Greece",earthquake,,,,14,reviewed,the,us
2000-03-08T09:21:02.310Z,19.155,-66.484,41.2,3.6,md,,,,,us,usp0009pe6,2014-11-07T01:09:40.053Z,"76 km N of Tierras Nuevas Poniente, Puerto Rico",earthquake,,,,,reviewed,rspr,rspr
2000-03-08T09:19:13.750Z,55.803,163.709,33,4,mb,,,,1.18,us,usp0009pe5,2014-11-07T01:09:40.051Z,"90 km ESE of Ust’-Kamchatsk Staryy, Russia",earthquake,,,,3,reviewed,us,us
2000-03-08T06:34:52.900Z,17.926,-101.927,10,3.9,md,,,,,us,usp0009pe4,2014-11-07T01:09:40.049Z,"14 km WSW of La Unión, Mexico",earthquake,,,,,reviewed,unm,unm
2000-03-08T05:57:08.900Z,34.319,-116.765,0.658,2.55,ml,0,27,,0.167,ci,ci9142092,2016-02-17T09:34:13.148Z,"10km NE of Big Bear City, California",earthquake,,0.2,,168,reviewed,ci,ci
2000-03-08T05:44:52.680Z,-25.954,-70.884,61.8,4.8,mb,,,,1.28,us,usp0009pe3,2014-11-07T01:09:40.043Z,"72 km SSW of Taltal, Chile",earthquake,,12.7,,25,reviewed,us,us
2000-03-08T04:53:45.920Z,34.406,136.15,388.2,4.3,mb,,,,0.68,us,usp0009pe1,2014-11-07T01:09:40.039Z,"23 km SE of Haibara-akanedai, Japan",earthquake,,7.5,,2,reviewed,us,us
2000-03-08T03:43:01.470Z,34.543,-116.308,-0.532,3.09,ml,0,47.2,,0.155,ci,ci9142082,2016-04-02T18:11:48.164Z,"24km SW of Ludlow, CA",earthquake,,0.374,,213,reviewed,ci,ci
2000-03-08T03:39:09.980Z,11.184,125.278,33,4.8,mb,,,,0.89,us,usp0009pdz,2014-11-07T01:09:40.034Z,"14 km NW of Balangiga, Philippines",earthquake,,,,5,reviewed,us,us
2000-03-08T03:29:38.800Z,18.006,-103.356,10,4.1,md,,,,,us,usp0009pdy,2014-11-07T01:09:40.033Z,"63 km SSE of La Placita de Morelos, Mexico",earthquake,,,,,reviewed,unm,unm
2000-03-08T02:23:03.610Z,18.077,-67.115,18.8,3,md,,,,,us,usp0009pdx,2014-11-07T01:09:40.031Z,"1 km SW of Monte Grande, Puerto Rico",earthquake,,,,,reviewed,rspr,rspr
2000-03-08T02:22:05.410Z,28.279,-112.992,10,4,mb,,,,1.34,us,usp0009pdw,2014-11-07T01:09:40.029Z,"76 km ESE of San Luis, Mexico",earthquake,,,,1,reviewed,us,us
2000-03-08T01:45:53.330Z,40.697,51.936,50.2,4.7,mb,,,,0.88,us,usp0009pdv,2014-11-07T01:09:40.020Z,"114 km NW of Türkmenba?y, Turkmenistan",earthquake,,,,39,reviewed,us,us
2000-03-08T01:34:00.010Z,-21.877,-66.357,257.4,4.2,mb,,,,1.17,us,usp0009pdu,2014-11-07T01:09:40.018Z,"81 km SW of Tupiza, Bolivia",earthquake,,8.1,,7,reviewed,us,us
2000-03-08T01:13:56.490Z,50.348,6.254,10,2.8,ml,,,,1.38,us,usp0009pdt,2014-11-07T01:09:40.014Z,"3 km ESE of Heppenbach, Belgium",earthquake,,,,,reviewed,us,ldg
2000-03-08T00:22:07.910Z,-17.819,167.539,33,4.1,mb,,,,1.08,us,usp0009pds,2014-11-07T01:09:40.009Z,"82 km W of Port-Vila, Vanuatu",earthquake,,,,1,reviewed,us,us
2000-03-07T23:19:43.370Z,50.462,19.07,5,3.3,ml,,,,1.44,us,usp0009pdq,2014-11-07T01:09:40.005Z,"1 km E of O?arowice, Poland",earthquake,,,,,reviewed,us,vie
2000-03-07T23:06:47.732Z,63.6368,-149.8622,140.7,2.5,ml,,,,0.55,ak,ak000336qlz9,2020-02-20T20:12:11.714Z,"48 km WSW of McKinley Park, Alaska",earthquake,,0.4,,,reviewed,ak,ak
2000-03-07T22:19:46.020Z,-20.728,-178.976,600,4.4,mb,,,,0.87,us,usp0009pdn,2014-11-07T01:09:39.999Z,"Fiji region",earthquake,,,,6,reviewed,us,us
2000-03-07T22:13:57.140Z,46.7053333,-122.7793333,15.978,2.7,md,14,122,0.3292,0.11,uw,uw10492538,2016-07-22T23:50:11.130Z,"12 km SSE of Bucoda, Washington",explosion,0.63,2.59,0.03,5,reviewed,uw,uw
2000-03-07T21:58:25.000Z,49.17,6.82,1,2.8,ml,,,,,us,usp0009pdk,2014-11-07T01:09:39.994Z,"3 km NE of Freyming-Merlebach, France",earthquake,,,,,reviewed,fbb,ldg
2000-03-07T21:52:25.530Z,-5.221,154.117,125.5,4.1,mb,,,,0.86,us,usp0009pdj,2014-11-07T01:09:39.992Z,"193 km NW of Panguna, Papua New Guinea",earthquake,,16.7,,2,reviewed,us,us
2000-03-07T21:49:02.710Z,33.193,-109.456,0,2.8,ml,9,,,0.95,rusms,rusms00001763,2022-06-09T21:12:00.830Z,"15 km NNW of Morenci, Arizona",explosion,,,,,reviewed,us,us
2000-03-07T21:08:35.530Z,10.858,-62.148,100,3.6,md,,,,,us,usp0009pdh,2014-11-07T01:09:39.990Z,"35 km NNE of Güiria, Venezuela",earthquake,,,,,reviewed,trn,trn
2000-03-07T21:03:46.840Z,43.734,-105.165,0,2.9,ml,8,,,0.85,rusms,rusms00001762,2022-06-09T21:12:00.824Z,"26 km E of Wright, Wyoming",explosion,,,,,reviewed,us,us
2000-03-07T20:31:35.960Z,-6.412,148.934,33,4.4,mb,,,,1.2,us,usp0009pdf,2014-11-07T01:09:39.987Z,"71 km WSW of Kandrian, Papua New Guinea",earthquake,,,,2,reviewed,us,us
2000-03-07T20:09:57.480Z,-12.163,166.793,33,4.6,mb,,,,1.25,us,usp0009pde,2014-11-07T01:09:39.984Z,"192 km SE of Lata, Solomon Islands",earthquake,,,,10,reviewed,us,us
2000-03-07T20:08:15.030Z,43.758,-105.338,0,3.1,ml,15,,,0.88,rusms,rusms00001761,2022-06-09T21:12:00.815Z,"12 km E of Wright, Wyoming",explosion,,,,,reviewed,us,us
2000-03-07T18:49:17.590Z,3.605,96.101,76.7,4.8,mb,,,,1.08,us,usp0009pdc,2014-11-07T01:09:39.978Z,"59 km S of Meulaboh, Indonesia",earthquake,,12.1,,18,reviewed,us,us
2000-03-07T17:49:42.950Z,33.811,-117.715,10.307,3.06,ml,0,149.8,,0.18,ci,ci9142023,2017-02-09T01:14:50.740Z,"9km NE of North Tustin, CA",earthquake,,0.905,,147,reviewed,ci,ci
2000-03-07T17:40:31.040Z,-2.044,68,10,5.3,mwc,,,,1.02,us,usp0009pda,2025-12-19T22:42:21.641Z,"Carlsberg Ridge",earthquake,,,,,reviewed,us,hrv
2000-03-07T15:55:41.240Z,-21.906,-179.672,600,4.5,mb,,,,1.06,us,usp0009pd9,2014-11-07T01:09:39.952Z,"Fiji region",earthquake,,,,7,reviewed,us,us
2000-03-07T15:53:24.030Z,6.224,5.147,10,4.5,mb,,,,1.38,us,usp0009pd8,2020-09-15T21:18:56.352Z,"34 km S of Siluko, Nigeria",earthquake,,,,3,reviewed,us,us
2000-03-07T15:16:02.480Z,33.59,-12.629,10,4.5,mblg,,,,0.95,us,usp0009pd7,2014-11-07T01:09:39.946Z,"Madeira Islands, Portugal region",earthquake,,,,,reviewed,us,mdd
2000-03-07T14:48:37.260Z,14.976,147.008,33,3.8,mb,,,,0.88,us,usp0009pd6,2014-11-07T01:09:39.944Z,"137 km E of Saipan, Northern Mariana Islands",earthquake,,,,2,reviewed,us,us
2000-03-07T14:42:05.390Z,35.958,28.24,33,3.8,ml,,,,0.85,us,usp0009pd5,2014-11-07T01:09:39.915Z,"25 km SE of Lárdos, Greece",earthquake,,,,,reviewed,us,css
2000-03-07T13:41:52.070Z,17.935,120.855,33,3.8,mb,,,,0.75,us,usp0009pd4,2014-11-07T01:09:39.880Z,"16 km SE of Padong, Philippines",earthquake,,,,1,reviewed,us,us
2000-03-07T12:39:27.960Z,-20.276,168.729,33,4.7,mb,,,,1.17,us,usp0009pd3,2014-11-07T01:09:39.875Z,"99 km SW of Isangel, Vanuatu",earthquake,,,,5,reviewed,us,us
2000-03-07T10:35:39.870Z,34.328,-116.768,0.078,3.52,ml,0,19.6,,0.213,ci,ci9141994,2016-04-02T10:33:17.157Z,"10km NE of Big Bear City, CA",earthquake,,0.163,,254,reviewed,ci,ci
2000-03-07T08:15:23.660Z,10.965,-62.229,47,3.2,md,,,,,us,usp0009pd0,2014-11-07T01:09:39.869Z,"43 km N of Güiria, Venezuela",earthquake,,,,,reviewed,trn,trn
2000-03-07T08:12:27.900Z,38.7703333,-122.7298333,1.427,2.76,md,40,38,0.01081,0.07,nc,nc21085602,2016-12-31T07:31:06.230Z,"5 km S of Cobb, California",earthquake,0.14,0.31,0.12,44,reviewed,nc,nc
2000-03-07T08:10:07.040Z,39.714,141.149,33,4.1,mb,,,,0.87,us,usp0009pcz,2014-11-07T01:09:39.866Z,"1 km N of Morioka, Japan",earthquake,,,,3,reviewed,us,us
2000-03-07T07:45:19.720Z,-34.155,-71.201,64.4,3.6,md,,,,,us,usp0009pcy,2014-11-07T01:09:39.863Z,"Libertador General Bernardo O'Higgins, Chile",earthquake,,,,,reviewed,guc,guc
2000-03-07T06:28:28.780Z,23.399,142.524,204.1,4.5,mb,,,,0.75,us,usp0009pcw,2014-11-07T01:09:39.855Z,"Volcano Islands, Japan region",earthquake,,27.5,,23,reviewed,us,us
2000-03-07T05:48:19.170Z,-49.162,164.669,10,5.5,mwc,,,,1.21,us,usp0009pcv,2022-04-29T18:34:33.699Z,"Auckland Islands, New Zealand region",earthquake,,,,,reviewed,us,hrv
2000-03-07T04:32:16.500Z,19.146,-104.205,10,5.4,mwc,,,,1.31,us,usp0009pcu,2022-04-29T18:34:32.576Z,"7 km ENE of Jalipa, Mexico",earthquake,,,,,reviewed,us,hrv
2000-03-07T02:16:04.170Z,39.7533333,-110.8461667,-3.29,4.15,ml,25,137,0.06508,0.22,uu,uu50196085,2018-12-20T21:47:10.000Z,"7 km N of Helper, Utah",earthquake,0.72,2.83,,9,reviewed,uu,uu
2000-03-07T01:26:49.630Z,21.7248333,-156.5791667,12.809,2.52,ml,16,338,,0.07,hv,hv1281815,2020-03-31T21:14:15.940Z,"71 km NNE of Waialua, Hawaii",earthquake,13.13,13.85,,2,reviewed,hv,hv
2000-03-07T01:05:02.190Z,31.956,50.797,48.1,4.4,mb,,,,0.92,us,usp0009pcs,2014-11-07T01:09:39.809Z,"39 km SSW of Farrokh Shahr, Iran",earthquake,,12.6,,20,reviewed,us,us
2000-03-07T00:20:28.260Z,33.809,-117.711,10.342,3.92,ml,0,64.8,,0.292,ci,ci9141946,2022-06-18T00:12:11.950Z,"9km ENE of North Tustin, CA",earthquake,,0.182,,218,reviewed,ci,ci
2000-03-06T22:19:13.170Z,21.636,143.536,33,4.7,mb,,,,1.31,us,usp0009pcq,2014-11-07T01:09:39.800Z,"Mariana Islands region",earthquake,,,,10,reviewed,us,us
2000-03-06T22:13:09.730Z,10.634,-61.543,36,2.7,md,,,,,us,usp0009pcn,2014-11-07T01:09:39.797Z,"3 km SSW of Mucurapo, Trinidad and Tobago",earthquake,,,,,reviewed,trn,trn
2000-03-06T21:29:33.920Z,54.039,-163.256,33,3.2,mb,,,,1.22,us,usp0009pcm,2020-02-20T20:12:17.965Z,"91 km S of False Pass, Alaska",earthquake,,,,1,reviewed,us,us
2000-03-06T21:03:15.840Z,43.621,-105.146,0,2.5,ml,5,,,1.17,rusms,rusms00001759,2022-06-09T21:12:00.808Z,"31 km ESE of Wright, Wyoming",explosion,,,,,reviewed,us,us
2000-03-06T20:42:39.947Z,59.5559,-152.9454,89.2,2.5,ml,,,,0.58,ak,ak00031hmnui,2020-02-20T20:12:18.312Z,"62 km WNW of Nanwalek, Alaska",earthquake,,0.2,,,reviewed,ak,ak
2000-03-06T19:57:25.120Z,29.312,52.282,33,4.1,mb,,,,0.83,us,usp0009pcj,2014-11-07T01:09:39.785Z,"40 km SW of Shiraz, Iran",earthquake,,,,4,reviewed,us,us
2000-03-06T18:58:23.110Z,19.3476667,-155.2683333,0.572,2.78,ml,23,101,,0.1,hv,hv1281783,2020-03-31T21:14:15.640Z,"11 km SSW of Volcano, Hawaii",earthquake,0.27,0.39,,3,reviewed,hv,hv
2000-03-06T18:09:43.020Z,43.717,-105.282,0,3.4,ml,10,,,0.81,rusms,rusms00001758,2022-06-09T21:12:00.804Z,"17 km ESE of Wright, Wyoming",explosion,,,,,reviewed,us,us
2000-03-06T18:02:24.710Z,36.5443333,-121.1351667,8.636,2.77,md,71,57,0.05405,0.05,nc,nc21085518,2016-12-31T07:29:41.690Z,"21 km NE of Soledad, California",earthquake,0.09,0.26,0.12,93,reviewed,nc,nc
2000-03-06T15:22:38.900Z,19.372,-155.2421667,-0.214,2.58,ml,15,122,,0.11,hv,hv1281756,2020-03-31T21:14:15.490Z,"7 km S of Volcano, Hawaii",earthquake,0.34,0.38,,1,reviewed,hv,hv
2000-03-06T15:17:33.192Z,58.4715,-155.7872,148.2,3.6,ml,,,,1.21,ak,ak00031ei4ef,2020-02-20T20:12:20.109Z,"56 km ESE of King Salmon, Alaska",earthquake,,0.9,,,reviewed,ak,ak
2000-03-06T15:08:55.880Z,40.919,29.289,0.1,3,md,,,,,us,usp0009pcd,2014-11-07T01:09:39.768Z,"4 km SSE of Sultanbeyli, Turkey",earthquake,,,,,reviewed,isk,isk
2000-03-06T15:02:28.000Z,38.1,-87.57,5,2.7,mlg,,,,,nm,nm604579,2016-04-13T18:43:28.300Z,"0 km E of Darmstadt, Indiana",earthquake,,,,,reviewed,nm,nm
2000-03-06T14:28:12.040Z,11.064,-61.996,114,3.1,md,,,,,us,usp0009pca,2014-11-07T01:09:39.762Z,"63 km NNE of Güiria, Venezuela",earthquake,,,,,reviewed,trn,trn
2000-03-06T13:41:14.910Z,-11.751,-74.862,33,4.3,mb,,,,0.7,us,usp0009pc8,2014-11-07T01:09:39.758Z,"6 km WSW of Andamarca, Peru",earthquake,,,,2,reviewed,us,us
2000-03-06T13:07:16.810Z,14.818,-92.46,79.6,4,mb,,,,1.25,us,usp0009pc6,2014-11-07T01:09:39.751Z,"5 km SSW of Mazatán, Mexico",earthquake,,7.1,,11,reviewed,us,us
2000-03-06T12:55:48.070Z,37.68,133.861,420.9,3.6,mb,,,,0.95,us,usp0009pc4,2014-11-07T01:09:39.747Z,"244 km N of Tottori, Japan",earthquake,,7.8,,2,reviewed,us,us
2000-03-06T12:37:07.160Z,-17.748,-66.793,315.1,3.9,mb,,,,0.9,us,usp0009pc3,2014-11-07T01:09:39.746Z,"45 km NE of Oruro, Bolivia",earthquake,,9.7,,3,reviewed,us,us
2000-03-06T11:21:37.260Z,37.235,35.134,33,4,md,,,,1.36,us,usp0009pc1,2014-11-07T01:09:39.741Z,"7 km ESE of Karaisal?, Turkey",earthquake,,,,,reviewed,us,isk
2000-03-06T11:11:01.880Z,47.709,147.245,403.8,3.7,mb,,,,1.18,us,usp0009pc0,2014-11-07T01:09:39.739Z,"280 km N of Kuril’sk, Russia",earthquake,,10.3,,4,reviewed,us,us
2000-03-06T10:55:34.620Z,-19.888,174.623,33,5.4,mwc,,,,1.19,us,usp0009pbz,2025-12-19T22:42:20.510Z,"Vanuatu region",earthquake,,,,,reviewed,us,hrv
2000-03-06T10:40:54.770Z,-62.907,145.8,10,5.2,mwc,,,,0.91,us,usp0009pbx,2025-12-19T22:47:11.868Z,"south of Australia",earthquake,,,,,reviewed,us,hrv
2000-03-06T10:28:41.110Z,37.174,35.246,50.8,4,md,,,,0.84,us,usp0009pbw,2014-11-07T01:09:39.725Z,"18 km ESE of Karaisal?, Turkey",earthquake,,10.4,,,reviewed,us,isk
2000-03-06T10:27:36.120Z,40.822,30.034,9.5,3.1,md,,,,,us,usp0009pbv,2014-11-07T01:09:39.724Z,"9 km NNE of Köseköy, Turkey",earthquake,,,,,reviewed,isk,isk
2000-03-06T09:55:13.532Z,62.8699,-152.1473,6.6,2.5,ml,,,,0.62,ak,ak00031b5mgp,2020-02-20T20:12:22.321Z,"77 km SSW of Denali National Park, Alaska",earthquake,,0.5,,,reviewed,ak,ak
2000-03-06T09:32:54.830Z,-5.671,148.496,33,4,ml,,,,0.8,us,usp0009pbs,2014-11-07T01:09:39.717Z,"121 km NE of Finschhafen, Papua New Guinea",earthquake,,,,,reviewed,us,pmg
2000-03-06T08:16:17.270Z,-31.835,-70.725,107.5,3.2,md,,,,,us,usp0009pbr,2014-11-07T01:09:39.714Z,"23 km ESE of Salamanca, Chile",earthquake,,,,,reviewed,guc,guc
2000-03-06T07:41:53.400Z,-32.424,-71.622,43.8,4,md,,,,,us,usp0009pbq,2014-11-07T01:09:39.711Z,"36 km W of La Ligua, Chile",earthquake,,,,,reviewed,guc,guc
2000-03-06T06:58:57.860Z,-31.806,-70.437,100.8,4.6,mb,,,,1.04,us,usp0009pbn,2014-11-07T01:09:39.700Z,"49 km E of Salamanca, Chile",earthquake,,,,24,reviewed,us,us
2000-03-06T06:57:02.400Z,17.869,-101.813,70.6,4,md,,,,,us,usp0009pbm,2014-11-07T01:09:39.698Z,"11 km WNW of Lagunillas, Mexico",earthquake,,,,,reviewed,unm,unm
2000-03-06T06:55:56.080Z,25.039,128.132,33,4.4,mb,,,,0.81,us,usp0009pbk,2014-11-07T01:09:39.693Z,"129 km SSE of Itoman, Japan",earthquake,,,,11,reviewed,us,us
2000-03-06T04:35:23.970Z,37.945,32.448,10,3.6,mb,,,,1.3,us,usp0009pbj,2014-11-07T01:09:39.691Z,"8 km NNW of Konya, Turkey",earthquake,,,,1,reviewed,us,us
2000-03-06T04:06:10.826Z,59.7193,-152.7094,70.6,3.1,ml,,,,0.88,ak,ak000317vy56,2020-02-20T20:12:24.058Z,"Southern Alaska",earthquake,,0.5,,,reviewed,ak,ak
2000-03-06T03:56:12.190Z,27.884,141.835,33,4.8,mb,,,,0.94,us,usp0009pbg,2014-11-07T01:09:39.654Z,"Bonin Islands, Japan region",earthquake,,,,10,reviewed,us,us
2000-03-06T03:44:55.480Z,19.028,-66.855,20.3,3.2,md,,,,,us,usp0009pbf,2014-11-07T01:09:39.652Z,"60 km N of Hatillo, Puerto Rico",earthquake,,,,,reviewed,rspr,rspr
2000-03-06T03:02:21.440Z,17.808,120.575,33,4,mb,,,,0.67,us,usp0009pbe,2014-11-07T01:09:39.650Z,"12 km E of Cabugao, Philippines",earthquake,,,,1,reviewed,us,us
2000-03-06T02:58:37.700Z,18.129,-66.915,13.5,3.2,md,,,,,us,usp0009pbc,2014-11-07T01:09:39.647Z,"Puerto Rico region",earthquake,,,,,reviewed,rspr,rspr
2000-03-06T02:30:54.400Z,6.371,125.707,33,4.3,mb,,,,0.9,us,usp0009pba,2014-11-07T01:09:39.644Z,"7 km ENE of Lais, Philippines",earthquake,,,,1,reviewed,us,us
2000-03-06T01:02:35.780Z,18.887,-66.397,46.4,3,md,,,,,us,usp0009pb9,2014-11-07T01:09:39.642Z,"46 km N of Brenas, Puerto Rico",earthquake,,,,,reviewed,rspr,rspr
2000-03-06T00:39:11.240Z,-62.858,146.51,10,4.3,mb,,,,0.65,us,usp0009pb8,2014-11-07T01:09:39.639Z,"south of Australia",earthquake,,,,2,reviewed,us,us
2000-03-06T00:32:53.140Z,52.672,158.018,150,4.3,mb,,,,0.97,us,usp0009pb7,2014-11-07T01:09:39.635Z,"36 km SSW of Paratunka, Russia",earthquake,,,,3,reviewed,us,us
2000-03-05T23:57:03.170Z,-62.902,145.637,10,6.1,mwc,,,,1.06,us,usp0009pb6,2022-04-29T18:34:31.386Z,"south of Australia",earthquake,,,,,reviewed,us,hrv
2000-03-05T23:39:13.098Z,61.45,-150.8418,61.7,3.2,ml,,,,0.68,ak,ak0002zvuwy5,2020-02-20T20:12:25.920Z,"20 km WSW of Susitna, Alaska",earthquake,,0.7,,,reviewed,ak,ak
2000-03-05T23:31:47.290Z,-6.962,143.926,57.4,4.7,mb,,,,0.6,us,usp0009pb4,2014-11-07T01:09:39.569Z,"75 km S of Ialibu, Papua New Guinea",earthquake,,8.3,,6,reviewed,us,us
2000-03-05T21:56:32.640Z,-6.81,143.812,38.5,4.7,mb,,,,0.82,us,usp0009pb1,2014-11-07T01:09:39.556Z,"61 km SSW of Ialibu, Papua New Guinea",earthquake,,10.3,,14,reviewed,us,us
2000-03-05T21:50:34.770Z,-34.44,-70.596,109.3,2.9,md,,,,,us,usp0009pb0,2014-11-07T01:09:39.554Z,"24 km E of Rengo, Chile",earthquake,,,,,reviewed,guc,guc
2000-03-05T21:19:02.800Z,37.671,20.837,58.3,3.9,mb,,,,1.14,us,usp0009paz,2014-11-07T01:09:39.551Z,"5 km S of Lithakiá, Greece",earthquake,,15.2,,2,reviewed,us,us
2000-03-05T20:30:20.660Z,18.951,-66.909,46.5,3,md,,,,,us,usp0009pay,2014-11-07T01:09:39.550Z,"51 km NNE of Isabela, Puerto Rico",earthquake,,,,,reviewed,rspr,rspr
2000-03-05T20:29:00.210Z,19.076,-66.871,34,3.4,md,,,,,us,usp0009pax,2014-11-07T01:09:39.548Z,"65 km N of Hatillo, Puerto Rico",earthquake,,,,,reviewed,rspr,rspr
2000-03-05T19:45:54.130Z,-33.866,-70.182,7,3.7,md,,,,,us,usp0009paw,2014-11-07T01:09:39.545Z,"46 km SE of Puente Alto, Chile",earthquake,,,,,reviewed,guc,guc
2000-03-05T19:31:12.580Z,2.654,128.293,176.7,4.7,mb,,,,0.97,us,usp0009pav,2014-11-07T01:09:39.538Z,"107 km NNE of Tobelo, Indonesia",earthquake,,12.2,,23,reviewed,us,us
2000-03-05T19:26:03.970Z,18.798,-67.045,80.1,3.2,md,,,,,us,usp0009pau,2014-11-07T01:09:39.537Z,"32 km N of Isabela, Puerto Rico",earthquake,,,,,reviewed,rspr,rspr
2000-03-05T18:36:47.120Z,19.045,-66.827,37.8,3.1,md,,,,,us,usp0009pas,2014-11-07T01:09:39.532Z,"61 km N of Hatillo, Puerto Rico",earthquake,,,,,reviewed,rspr,rspr
2000-03-05T18:28:10.120Z,19.05,-66.855,13.9,2.9,md,,,,,us,usp0009par,2014-11-07T01:09:39.530Z,"62 km N of Hatillo, Puerto Rico",earthquake,,,,,reviewed,rspr,rspr
2000-03-05T18:26:07.830Z,34.6498333,-116.3321667,1.891,2.59,ml,20,75,,0.16,ci,ci9141807,2016-04-02T11:16:19.445Z,"18km WSW of Ludlow, CA",earthquake,0.3,0.76,0.201,49,reviewed,ci,ci
2000-03-05T18:22:24.430Z,41.713,-108.696,0,2.5,ml,13,,,0.74,rusms,rusms00001757,2022-06-09T21:12:00.797Z,"8 km ENE of Point of Rocks, Wyoming",explosion,,,,,reviewed,us,us
2000-03-05T18:02:51.680Z,37.5993333,-118.9286667,5.204,2.71,md,37,123,0.01622,0.05,nc,nc21085453,2016-12-31T07:28:07.460Z,"6 km SE of Mammoth Lakes, California",earthquake,0.24,0.33,0.19,51,reviewed,nc,nc
2000-03-05T18:02:32.730Z,19.7516667,-155.76,20.483,2.6,ml,32,80,,0.11,hv,hv1281665,2020-03-31T21:14:13.430Z,"Island of Hawaii, Hawaii",earthquake,0.54,1.26,0.11,4,reviewed,hv,hv
2000-03-05T17:41:02.100Z,36.8605,-121.5916667,6.754,2.56,md,75,48,0.02432,0.08,nc,nc21085450,2016-12-31T07:27:50.430Z,"5 km WNW of San Juan Bautista, California",earthquake,0.12,0.21,0.14,84,reviewed,nc,nc
2000-03-05T16:59:45.730Z,18.915,-66.862,5.1,3.1,md,,,,,us,usp0009pap,2014-11-07T01:09:39.526Z,"47 km N of Hatillo, Puerto Rico",earthquake,,,,,reviewed,rspr,rspr
2000-03-05T16:46:56.040Z,19.038,-66.864,40.6,3.3,md,,,,,us,usp0009pan,2014-11-07T01:09:39.523Z,"61 km N of Hatillo, Puerto Rico",earthquake,,,,,reviewed,rspr,rspr
2000-03-05T15:45:59.040Z,19.325,-155.1358333,8.294,2.6,ml,25,111,,0.09,hv,hv1281656,2020-03-31T21:14:13.150Z,"15 km S of Fern Forest, Hawaii",earthquake,0.67,0.42,,1,reviewed,hv,hv
2000-03-05T15:42:57.110Z,11.209,-86.951,101.6,3.8,mb,,,,1.25,us,usp0009pam,2014-11-07T01:09:39.518Z,"79 km SW of Masachapa, Nicaragua",earthquake,,15,,5,reviewed,us,us
2000-03-05T15:14:45.400Z,17.767,-98.162,16,3.6,md,,,,,us,usp0009paj,2014-11-07T01:09:39.512Z,"6 km S of Santa Cruz Tacache de Mina, Mexico",earthquake,,,,,reviewed,unm,unm
2000-03-05T14:36:30.680Z,47.026,154.156,33,4.7,mb,,,,1.29,us,usp0009pah,2014-11-07T01:09:39.501Z,"Kuril Islands",earthquake,,,,27,reviewed,us,us
2000-03-05T14:30:13.480Z,3.899,126.603,33,4.8,mb,,,,0.92,us,usp0009pag,2014-11-07T01:09:39.496Z,"208 km SE of Sarangani, Philippines",earthquake,,,,11,reviewed,us,us
2000-03-05T13:58:13.660Z,-21.747,69.024,10,4.6,mb,,,,0.98,us,usp0009pae,2014-11-07T01:09:39.492Z,"Mid-Indian Ridge",earthquake,,,,4,reviewed,us,us
2000-03-05T13:56:07.400Z,-21.726,69.089,10,4.5,mb,,,,0.99,us,usp0009pad,2014-11-07T01:09:39.489Z,"Mid-Indian Ridge",earthquake,,,,5,reviewed,us,us
2000-03-05T13:55:40.900Z,16.638,-97.53,42.8,4,md,,,,,us,usp0009pac,2014-11-07T01:09:39.486Z,"3 km W of Santiago Amoltepec, Mexico",earthquake,,,,,reviewed,unm,unm
2000-03-05T13:06:22.650Z,-7.254,128.67,132.2,4.3,mb,,,,0.86,us,usp0009pab,2014-11-07T01:09:39.482Z,"231 km NE of Lospalos, Timor Leste",earthquake,,7.2,,5,reviewed,us,us
2000-03-05T12:24:57.070Z,46.232,-27.764,10,4,mb,,,,1.22,us,usp0009paa,2014-11-07T01:09:39.478Z,"northern Mid-Atlantic Ridge",earthquake,,,,15,reviewed,us,us
2000-03-05T11:57:24.774Z,63.4538,-150.0443,125.3,2.6,ml,,,,0.68,ak,ak0002zotlh9,2020-02-20T20:12:27.940Z,"55 km W of Cantwell, Alaska",earthquake,,0.4,,,reviewed,ak,ak
2000-03-05T10:55:30.200Z,12.551,-86.626,162.1,4.7,mb,,,,1.12,us,usp0009pa7,2014-11-07T01:09:39.440Z,"15 km SSW of Larreynaga, Nicaragua",earthquake,,,,58,reviewed,us,us
2000-03-05T10:51:43.690Z,-6.074,126.628,393.7,3.6,mb,,,,1.2,us,usp0009pa6,2014-11-07T01:09:39.437Z,"266 km N of Baukau, Timor Leste",earthquake,,17.2,,2,reviewed,us,us
2000-03-05T10:40:06.640Z,-33.655,-70.53,102.1,4,mb,,,,,us,usp0009pa4,2014-11-07T01:09:39.427Z,"6 km SE of Puente Alto, Chile",earthquake,,,,1,reviewed,guc,us
2000-03-05T10:37:29.600Z,-12.529,-14.985,10,4.6,mb,,,,0.99,us,usp0009pa3,2014-11-07T01:09:39.421Z,"southern Mid-Atlantic Ridge",earthquake,,,,13,reviewed,us,us
2000-03-05T10:35:40.240Z,4.357,126.961,33,4.4,mb,,,,1.04,us,usp0009pa2,2014-11-07T01:09:39.418Z,"202 km SE of Sarangani, Philippines",earthquake,,,,2,reviewed,us,us
2000-03-05T10:24:10.530Z,11.008,-62.54,3,3.2,md,,,,,us,usp0009pa1,2014-11-07T01:09:39.415Z,"54 km NNW of Güiria, Venezuela",earthquake,,,,,reviewed,trn,trn
2000-03-05T09:55:01.350Z,14.282,53.803,10,4.7,mb,,,,1.19,us,usp0009pa0,2014-11-07T01:09:39.411Z,"179 km N of Qalans?yah, Yemen",earthquake,,,,6,reviewed,us,us
2000-03-05T09:53:44.700Z,16.998,-100.653,5,3.5,md,,,,,us,usp0009p9z,2014-11-07T01:09:39.407Z,"17 km S of Tetitlán, Mexico",earthquake,,,,,reviewed,unm,unm
2000-03-05T09:50:54.220Z,27.868,56.459,33,3.9,mb,,,,0.94,us,usp0009p9y,2014-11-07T01:09:39.403Z,"77 km NNE of Bandar Abbas, Iran",earthquake,,,,2,reviewed,us,us
2000-03-05T09:50:38.520Z,14.265,53.765,10,3.9,mb,,,,0.7,us,usp0009p9x,2014-11-07T01:09:39.400Z,"176 km N of Qalans?yah, Yemen",earthquake,,,,1,reviewed,us,us
2000-03-05T09:40:06.060Z,27.946,56.467,33,5.4,mwc,,,,0.93,us,usp0009p9w,2022-04-29T18:34:30.281Z,"86 km NNE of Bandar Abbas, Iran",earthquake,,,,,reviewed,us,hrv
2000-03-05T09:09:42.820Z,31.18,141.667,33,4.1,mb,,,,0.73,us,usp0009p9v,2014-11-07T01:09:39.241Z,"Izu Islands, Japan region",earthquake,,,,1,reviewed,us,us
2000-03-05T09:07:57.890Z,14.356,-92.821,60.5,4.5,mb,,,,0.89,us,usp0009p9u,2014-11-07T01:09:39.218Z,"59 km SW of Puerto Madero, Mexico",earthquake,,6.5,,24,reviewed,us,us
2000-03-05T07:03:09.880Z,-22.349,-68.299,111.3,3.9,mb,,,,0.91,us,usp0009p9t,2014-11-07T01:09:39.214Z,"63 km N of San Pedro de Atacama, Chile",earthquake,,19.3,,6,reviewed,us,us
2000-03-05T06:51:20.370Z,19.059,-66.849,32.3,3.5,md,,,,,us,usp0009p9s,2014-11-07T01:09:39.210Z,"63 km N of Hatillo, Puerto Rico",earthquake,,,,,reviewed,rspr,rspr
2000-03-05T06:45:42.210Z,18.91,-66.848,10.7,3.2,md,,,,,us,usp0009p9r,2014-11-07T01:09:39.207Z,"46 km N of Hatillo, Puerto Rico",earthquake,,,,,reviewed,rspr,rspr
2000-03-05T04:40:57.090Z,51.325,178.776,41.1,4.2,mb,,,,1.28,us,usp0009p9p,2014-11-07T01:09:39.196Z,"Rat Islands, Aleutian Islands, Alaska",earthquake,,,,7,reviewed,us,us
2000-03-05T03:56:33.070Z,10.212,-86.09,33,4.1,mb,,,,1.19,us,usp0009p9m,2014-11-07T01:09:39.174Z,"55 km W of Santa Cruz, Costa Rica",earthquake,,,,7,reviewed,us,us
2000-03-05T03:34:38.870Z,-33.107,-71.268,53.8,4,md,,,,,us,usp0009p9j,2014-11-07T01:09:39.166Z,"10 km S of Limache, Chile",earthquake,,,,,reviewed,guc,guc
2000-03-05T03:03:08.920Z,-32.488,-71.828,25.7,3.8,md,,,,,us,usp0009p9h,2014-11-07T01:09:39.161Z,"56 km W of La Ligua, Chile",earthquake,,,,,reviewed,guc,guc
2000-03-05T02:54:22.990Z,30.502,67.826,33,3.8,mb,,,,0.67,us,usp0009p9g,2014-11-07T01:09:39.158Z,"16 km NE of Ziarat, Pakistan",earthquake,,,,1,reviewed,us,us
2000-03-05T02:29:47.890Z,-32.47,-71.798,15.4,3.7,md,,,,,us,usp0009p9f,2014-11-07T01:09:39.155Z,"53 km W of La Ligua, Chile",earthquake,,,,,reviewed,guc,guc
2000-03-05T02:26:48.120Z,51.618,16.19,5,3.6,ml,,,,0.63,us,usp0009p9e,2014-11-07T01:09:39.144Z,"2 km NE of Gr?bocice, Poland",earthquake,,,,,reviewed,us,grf
2000-03-05T01:19:04.360Z,63.131,-149.3209,88.4,2.6,ml,,,,0.9,ak,ak0002zin2n8,2020-02-20T20:12:30.964Z,"34 km SSW of Cantwell, Alaska",earthquake,,0.2,,,reviewed,ak,ak
2000-03-05T01:02:20.600Z,-33.024,-69.598,161.9,2.6,md,,,,,us,usp0009p9c,2014-11-07T01:09:39.129Z,"73 km WSW of Mendoza, Argentina",earthquake,,,,,reviewed,guc,guc
2000-03-05T00:01:21.789Z,37.8312,-118.2228,6.1,2.6,ml,19,121.65,0.179,0.0738,nn,nn00003806,2018-04-24T22:23:55.258Z,"22 km E of Benton, California",earthquake,,2.1,,,reviewed,nn,nn
2000-03-04T23:23:12.880Z,85.804,27.998,10,3.8,mb,,,,1.38,us,usp0009p9b,2014-11-07T01:09:39.126Z,"north of Svalbard",earthquake,,,,1,reviewed,us,us
2000-03-04T23:10:18.730Z,-33.235,-72.236,28.5,4.1,md,,,,,us,usp0009p9a,2014-11-07T01:09:39.121Z,"60 km WSW of Valparaíso, Chile",earthquake,,,,,reviewed,guc,guc
2000-03-04T23:07:06.300Z,40.313,-107.761,0,2.7,ml,16,,,0.57,rusms,rusms00001756,2022-06-09T21:12:00.786Z,"28 km SW of Craig, Colorado",explosion,,,,,reviewed,us,us
2000-03-04T21:59:21.330Z,-7.339,128.705,145.4,4.8,mb,,,,0.92,us,usp0009p98,2014-11-07T01:09:39.099Z,"229 km NE of Lospalos, Timor Leste",earthquake,,4.1,,19,reviewed,us,us
2000-03-04T21:11:32.880Z,-34.514,-72.074,30,3.8,md,,,,,us,usp0009p96,2014-11-07T01:09:39.084Z,"66 km WNW of Santa Cruz, Chile",earthquake,,,,,reviewed,guc,guc
2000-03-04T20:55:23.900Z,18.858,-98.576,0,4.1,md,,,,,us,usp0009p95,2014-11-07T01:09:39.076Z,"3 km NE of Tulcingo, Mexico",earthquake,,,,,reviewed,unm,unm
2000-03-04T20:39:19.489Z,37.8296,-118.2298,8.3,3.4,ml,12,211.88,0.174,0.0794,nn,nn00003692,2018-04-24T22:23:51.706Z,"21 km E of Benton, California",earthquake,,3.1,,,reviewed,nn,nn
2000-03-04T19:48:40.540Z,-0.201,124.392,68.4,4.7,mb,,,,1.13,us,usp0009p93,2014-11-07T01:09:39.064Z,"169 km ESE of Gorontalo, Indonesia",earthquake,,10.4,,7,reviewed,us,us
2000-03-04T19:35:39.760Z,-32.451,-70.368,99.8,2.9,md,,,,,us,usp0009p92,2014-11-07T01:09:39.060Z,"47 km NE of San Felipe, Chile",earthquake,,,,,reviewed,guc,guc
2000-03-04T18:42:46.490Z,38.374,-26.646,10,4.6,mb,,,,1,us,usp0009p91,2014-11-07T01:09:39.038Z,"49 km SE of Porto Martins, Portugal",earthquake,,,,41,reviewed,us,us
2000-03-04T18:13:21.490Z,3.905,96.431,33,3.8,mb,,,,1.37,us,usp0009p8z,2014-11-07T01:09:39.032Z,"42 km SE of Meulaboh, Indonesia",earthquake,,,,2,reviewed,us,us
2000-03-04T18:06:49.389Z,37.8285,-118.2147,6.9,3.4,ml,14,129.07,0.181,0.0858,nn,nn00003679,2018-04-24T22:23:53.167Z,"22 km NW of Dyer, Nevada",earthquake,,2.7,,,reviewed,nn,nn
2000-03-04T16:57:43.666Z,37.8368,-118.2159,1.3,3.5,ml,12,146.36,0.186,0.0931,nn,nn00003667,2018-04-24T22:23:49.091Z,"22 km NW of Dyer, Nevada",earthquake,,45.7,,,reviewed,nn,nn
2000-03-04T16:57:32.155Z,37.831,-118.2239,6.5,3.5,ml,10,143.61,0.178,0.0681,nn,nn00003754,2018-04-24T22:23:54.209Z,"22 km E of Benton, California",earthquake,,3,,,reviewed,nn,nn
2000-03-04T16:36:43.633Z,37.8326,-118.2102,3.1,2.6,ml,12,141.68,0.186,0.0955,nn,nn00003746,2018-04-24T22:23:53.836Z,"22 km NW of Dyer, Nevada",earthquake,,5.8,,,reviewed,nn,nn
2000-03-04T16:35:57.737Z,37.8394,-118.2187,0.4,3,ml,10,124.42,0.187,0.0803,nn,nn00003722,2018-04-24T22:23:48.403Z,"22 km E of Benton, California",earthquake,,50.2,,,reviewed,nn,nn
2000-03-04T16:33:21.888Z,37.8319,-118.2334,0,3.3,ml,16,90.53,0.174,0.0853,nn,nn00003721,2018-04-24T22:23:48.264Z,"21 km E of Benton, California",earthquake,,0,,,reviewed,nn,nn
2000-03-04T16:33:04.331Z,37.841,-118.2195,7,3.1,ml,7,170.34,0.188,0.0398,nn,nn00003745,2018-04-24T22:23:54.017Z,"22 km E of Benton, California",earthquake,,2.6,,,reviewed,nn,nn
2000-03-04T16:31:55.080Z,37.8341,-118.2215,6.7,2.5,ml,10,144.91,0.181,0.0537,nn,nn00003743,2018-04-24T22:23:53.746Z,"22 km E of Benton, California",earthquake,,2.5,,,reviewed,nn,nn
2000-03-04T16:27:17.819Z,37.8288,-118.2631,0.2,2.7,ml,8,242.66,0.157,0.0798,nn,nn00003660,2018-04-24T22:23:48.067Z,"18 km E of Benton, California",earthquake,,6.5,,,reviewed,nn,nn
2000-03-04T16:21:54.473Z,37.8398,-118.2137,5,2.5,ml,9,147.61,0.19,0.1023,nn,nn00003735,2018-04-24T22:23:53.567Z,"23 km NW of Dyer, Nevada",earthquake,,5.9,,,reviewed,nn,nn
2000-03-04T16:19:16.208Z,37.8367,-118.2135,1.3,2.8,ml,16,112.28,0.187,0.0809,nn,nn00003708,2018-04-24T22:23:47.522Z,"22 km NW of Dyer, Nevada",earthquake,,1.6,,,reviewed,nn,nn
2000-03-04T16:16:50.799Z,37.8143,-118.2456,5.8,3,ml,8,147.88,0.277,0.0506,nn,nn00003716,2018-07-09T17:48:25.218Z,"20 km E of Benton, California",earthquake,,7.5,,,reviewed,nn,nn
2000-03-04T16:13:22.000Z,37.85,-118.2,1.5,4.1,mwr,,,,,us,usp0009p8y,2016-04-02T07:13:13.258Z,"23 km NNW of Dyer, Nevada",earthquake,,,,,reviewed,brk,brk
2000-03-04T16:12:41.150Z,-28.636,-66.443,36,4.3,mb,,,,0.95,us,usp0009p8x,2014-11-07T01:09:39.014Z,"34 km SW of Pomán, Argentina",earthquake,,,,7,reviewed,us,us
2000-03-04T16:01:37.740Z,-6.84,143.867,33,4.7,mb,,,,1.03,us,usp0009p8w,2014-11-07T01:09:39.006Z,"63 km SSW of Ialibu, Papua New Guinea",earthquake,,,,8,reviewed,us,us
2000-03-04T15:43:20.210Z,47.274,9.475,10,4.1,ml,,,,1.13,us,usp0009p8v,2014-11-07T01:09:38.982Z,"2 km NW of Sennwald, Switzerland",earthquake,,,,,reviewed,us,vie
2000-03-04T14:41:22.670Z,42.71,0.7,10,2.6,ml,,,,,us,usp0009p8t,2014-11-07T01:09:38.972Z,"7 km W of Vielha, Spain",earthquake,,,,,reviewed,str,ldg
2000-03-04T14:38:40.990Z,-6.915,143.992,33,4.3,mb,,,,0.53,us,usp0009p8s,2014-11-07T01:09:38.969Z,"69 km S of Ialibu, Papua New Guinea",earthquake,,,,3,reviewed,us,us
2000-03-04T14:09:50.460Z,-34.317,179.131,33,5.9,mwb,,,,1.34,us,usp0009p8q,2022-04-29T18:34:29.133Z,"south of the Kermadec Islands",earthquake,,,,,reviewed,us,us
2000-03-04T13:11:44.470Z,19.4326667,-155.2238333,11.02,2.81,ml,9,279,,0.12,hv,hv1281517,2020-03-31T21:14:11.090Z,"1 km SE of Volcano, Hawaii",earthquake,2.45,1.02,,1,reviewed,hv,hv
2000-03-04T12:54:27.420Z,27.307,66.13,33,3.9,mb,,,,1.23,us,usp0009p8n,2014-11-07T01:09:38.924Z,"73 km SW of Khuzdar, Pakistan",earthquake,,,,3,reviewed,us,us
2000-03-04T11:08:33.602Z,56.8104,-155.2918,6.6,3.4,ml,,,,0.62,ak,ak0002y0zrkw,2020-02-20T20:09:52.810Z,"70 km WSW of Akhiok, Alaska",earthquake,,2.2,,,reviewed,ak,ak
2000-03-04T08:26:59.229Z,53.7102,-159.8388,29.9,3.6,ml,,,,1.07,ak,ak0002xzbdmq,2020-02-20T20:12:35.510Z,"186 km SSE of Sand Point, Alaska",earthquake,,7.8,,,reviewed,ak,ak
2000-03-04T06:38:38.880Z,36.011,69.522,108.5,4.1,mb,,,,1.42,us,usp0009p8g,2014-11-07T01:09:38.906Z,"35 km E of Nahr?n, Afghanistan",earthquake,,13.7,,3,reviewed,us,us
2000-03-04T05:18:52.800Z,15.639,-98.806,11.1,3.7,md,,,,,us,usp0009p8e,2014-11-07T01:09:38.900Z,"86 km SSW of Santiago Tepextla, Mexico",earthquake,,,,,reviewed,unm,unm
2000-03-04T04:31:07.800Z,44.754,-129.1,10,2.9,mb,,,,0.76,us,usp0009p8d,2014-11-07T01:09:38.893Z,"off the coast of Oregon",earthquake,,,,1,reviewed,us,us
2000-03-04T04:06:02.030Z,18.046,-98.202,10,3.6,md,,,,0.57,us,usp0009p8c,2014-11-07T01:09:38.890Z,"9 km WSW of Guadalupe Santa Ana, Mexico",earthquake,,,,,reviewed,us,unm
2000-03-04T03:11:45.650Z,32.976,-115.558,7.831,2.68,ml,0,49.8,0.1533,0.236,ci,ci3323152,2016-04-02T17:30:18.602Z,"3km W of Brawley, CA",earthquake,,0.895,,39,reviewed,ci,ci
2000-03-04T03:10:53.800Z,32.983,-115.556,10.524,2.89,ml,0,48.2,0.006866,0.269,ci,ci9141582,2016-02-16T21:29:27.735Z,"2km WNW of Brawley, California",earthquake,,0.408,,111,reviewed,ci,ci
2000-03-04T02:54:32.340Z,10.517,122.012,33,4.6,mb,,,,1.24,us,usp0009p8a,2014-11-07T01:09:38.811Z,"4 km NW of Lawigan, Philippines",earthquake,,,,7,reviewed,us,us
2000-03-04T02:42:01.000Z,49.17,-114.03,1,4.6,ml,,,,,us,usp0009p89,2014-11-07T01:09:38.781Z,"35 km S of Pincher Creek, Canada",earthquake,,,,,reviewed,but,but
2000-03-04T02:37:54.410Z,10.705,-86.695,33,4.6,mb,,,,1.15,us,usp0009p88,2014-11-07T01:09:38.772Z,"108 km SW of San Juan del Sur, Nicaragua",earthquake,,,,3,reviewed,us,us
2000-03-04T02:24:22.430Z,-60.167,149.868,10,6.4,mwb,,,,1.15,us,usp0009p87,2022-04-29T18:34:27.426Z,"west of Macquarie Island",earthquake,,,,,reviewed,us,us
2000-03-04T01:27:24.810Z,-6.974,144.02,33,4,mb,,,,0.65,us,usp0009p86,2014-11-07T01:09:38.677Z,"76 km S of Ialibu, Papua New Guinea",earthquake,,,,3,reviewed,us,us
2000-03-04T00:53:30.760Z,-32.598,-71.769,18.8,4.3,md,,,,,us,usp0009p85,2014-11-07T01:09:38.670Z,"50 km NNW of Valparaíso, Chile",earthquake,,,,,reviewed,guc,guc
2000-03-04T00:31:16.880Z,-6.8,143.6,33,4.8,mb,,,,1.4,us,usp0009p84,2014-11-07T01:09:38.666Z,"71 km SW of Ialibu, Papua New Guinea",earthquake,,,,4,reviewed,us,us
2000-03-03T23:06:34.260Z,2.985,127.52,52.6,4.4,mb,,,,1.2,us,usp0009p83,2014-11-07T01:09:38.663Z,"149 km NNW of Tobelo, Indonesia",earthquake,,43.7,,5,reviewed,us,us
2000-03-03T22:22:40.740Z,-6.817,143.807,10,6.6,mwc,,,,1.07,us,usp0009p81,2022-04-29T18:34:22.097Z,"62 km SSW of Ialibu, Papua New Guinea",earthquake,,,,,reviewed,us,hrv
2000-03-03T22:11:52.600Z,-17.79,-69.631,142.4,3.8,mb,,,,1.25,us,usp0009p80,2014-11-07T01:09:38.546Z,"34 km E of Palca, Peru",earthquake,,16.7,,4,reviewed,us,us
2000-03-03T22:09:13.790Z,-7.321,128.491,141.9,6.4,mwb,,,,0.91,us,usp0009p7z,2022-04-29T19:16:11.232Z,"211 km NE of Lospalos, Timor Leste",earthquake,,,,,reviewed,us,us
2000-03-03T21:54:08.190Z,18.561,-65.778,4,3,md,,,,,us,usp0009p7y,2014-11-07T01:09:38.406Z,"16 km NNE of Vieques, Puerto Rico",earthquake,,,,,reviewed,rspr,rspr
2000-03-03T21:50:50.400Z,18.011,-101.186,63.5,4.2,md,,,,,us,usp0009p7x,2014-11-07T01:09:38.400Z,"17 km NE of Vallecitos de Zaragoza, Mexico",earthquake,,,,,reviewed,unm,unm
2000-03-03T20:24:40.310Z,45.058,13.316,10,4,ml,,,,1.18,us,usp0009p7v,2014-11-07T01:09:38.385Z,"24 km WSW of Vrsar, Croatia",earthquake,,,,,reviewed,us,vie
2000-03-03T19:51:44.745Z,58.4763,-156.7249,198.3,3.4,ml,,,,0.48,ak,ak0002wih4kq,2020-02-20T20:12:38.971Z,"23 km S of King Salmon, Alaska",earthquake,,3.7,,,reviewed,ak,ak
2000-03-03T19:51:03.990Z,13.343,120.981,76,5,mwc,,,,1.09,us,usp0009p7t,2025-12-19T22:42:19.376Z,"10 km SW of Lumangbayan, Philippines",earthquake,,,,,reviewed,us,hrv
2000-03-03T19:45:05.240Z,12.116,-59.237,10,4.5,mb,,,,0.84,us,usp0009p7s,2014-11-07T01:09:38.351Z,"110 km SSE of Oistins, Barbados",earthquake,,,,10,reviewed,us,us
2000-03-03T19:31:58.350Z,36.0761667,-117.6136667,-0.574,2.61,ml,24,163,0.1026,0.17,ci,ci9141539,2016-04-02T07:57:47.442Z,"30km E of Coso Junction, CA",earthquake,0.4,0.56,0.284,28,reviewed,ci,ci
2000-03-03T17:56:18.940Z,37.62,-6.265,2.2,2.5,ml,,,,,us,usp0009p7n,2014-11-07T01:09:38.291Z,"9 km SSE of El Castillo de las Guardas, Spain",earthquake,,,,,reviewed,mdd,mdd
2000-03-03T17:34:35.410Z,29.946,138.925,449.2,4,mb,,,,0.31,us,usp0009p7m,2014-11-07T01:09:38.289Z,"Izu Islands, Japan region",earthquake,,14.5,,1,reviewed,us,us
2000-03-03T17:24:04.110Z,22.76,94.566,132.4,4.5,mb,,,,1.29,us,usp0009p7k,2014-11-07T01:09:38.283Z,"92 km E of Falam, Myanmar",earthquake,,15.1,,5,reviewed,us,us
2000-03-03T16:58:14.420Z,21.339,143.588,33,4.7,mb,,,,1.08,us,usp0009p7j,2014-11-07T01:09:38.269Z,"Mariana Islands region",earthquake,,,,22,reviewed,us,us
2000-03-03T16:19:08.240Z,10.661,-62.477,77,2.8,md,,,,,us,usp0009p7h,2014-11-07T01:09:38.267Z,"21 km WNW of Güiria, Venezuela",earthquake,,,,,reviewed,trn,trn
2000-03-03T15:51:16.380Z,36.597,71.4,190.7,4.8,mb,,,,0.88,us,usp0009p7g,2014-11-07T01:09:38.245Z,"15 km SW of Ashk?sham, Afghanistan",earthquake,,,,52,reviewed,us,us
2000-03-03T15:50:52.910Z,-8.801,108.484,67.5,4.4,mb,,,,0.98,us,usp0009p7f,2014-11-07T01:09:38.236Z,"149 km SSW of Sidareja, Indonesia",earthquake,,25,,2,reviewed,us,us
2000-03-03T14:14:32.460Z,38.8613333,-122.7831667,1.354,2.79,md,36,39,0.05405,0.09,nc,nc30221720,2016-12-31T07:23:37.600Z,"6 km NW of Cobb, California",earthquake,0.21,0.68,0.1,40,reviewed,nc,nc
2000-03-03T14:03:22.917Z,61.0922,-151.2063,55.8,3.3,ml,,,,0.77,ak,ak0002wf7mhv,2020-02-20T20:12:40.328Z,"4 km NW of Tyonek, Alaska",earthquake,,0.2,,,reviewed,ak,ak
2000-03-03T13:57:40.821Z,60.0112,-151.1657,46.5,2.6,ml,,,,0.71,ak,ak0002wexsxu,2020-02-20T20:12:40.770Z,"20 km NW of Fox River, Alaska",earthquake,,0.1,,,reviewed,ak,ak
2000-03-03T13:49:55.990Z,-7.35,120.86,488.2,4.3,mb,,,,0.6,us,usp0009p7c,2014-11-07T01:09:38.216Z,"146 km NNE of Ruteng, Indonesia",earthquake,,9.3,,6,reviewed,us,us
2000-03-03T12:49:16.470Z,31.215,141.901,33,4.2,mb,,,,0.75,us,usp0009p7a,2014-11-07T01:09:38.180Z,"Izu Islands, Japan region",earthquake,,,,6,reviewed,us,us
2000-03-03T12:32:43.800Z,50.257,6.284,6,3,ml,,,,,us,usp0009p79,2014-11-07T01:09:38.136Z,"2 km N of Bleialf, Germany",earthquake,,,,,reviewed,ldg,ldg
2000-03-03T12:28:55.870Z,51.246,15.724,5,3.4,ml,,,,0.79,us,usp0009p78,2014-11-07T01:09:38.129Z,"6 km NW of Olszanica, Poland",earthquake,,,,,reviewed,us,vie
2000-03-03T12:04:54.300Z,51.139,157.959,63.4,3.2,mb,,,,1.1,us,usp0009p77,2014-11-07T01:09:38.122Z,"109 km ESE of Ozernovskiy, Russia",earthquake,,10.5,,1,reviewed,us,us
2000-03-03T10:53:36.860Z,13.093,124.246,33,4.5,mb,,,,1.27,us,usp0009p75,2014-11-07T01:09:38.018Z,"16 km SE of Rapu-Rapu, Philippines",earthquake,,,,8,reviewed,us,us
2000-03-03T09:49:50.810Z,37.5801667,-118.849,2.847,2.73,md,35,123,0.01892,0.04,nc,nc21085134,2016-12-31T07:22:49.480Z,"12 km WNW of Aspen Springs, California",earthquake,0.27,0.37,0.19,48,reviewed,nc,nc
2000-03-03T09:32:57.740Z,36.485,70.09,212.3,4.3,mb,,,,1.22,us,usp0009p73,2014-11-07T01:09:38.008Z,"22 km ESE of Farkh?r, Afghanistan",earthquake,,,,8,reviewed,us,us
2000-03-03T08:55:48.280Z,32.1046667,-114.9885,5.963,2.66,mc,6,273,0.5799,0.34,ci,ci9141464,2016-02-16T11:41:52.646Z,"10km S of Estacion Coahuila, B.C., MX",earthquake,2.6,31.61,,5,reviewed,ci,ci
2000-03-03T05:03:20.220Z,-2.432,28.012,10,4.9,mb,,,,0.91,us,usp0009p70,2022-04-29T19:02:50.313Z,"86 km W of Kabare, Democratic Republic of the Congo",earthquake,,,,35,reviewed,us,us
2000-03-03T02:13:15.235Z,57.2451,-154.2058,36.4,2.8,ml,,,,0.59,ak,ak0002w84jsz,2020-02-20T20:12:42.112Z,"33 km N of Akhiok, Alaska",earthquake,,10,,,reviewed,ak,ak
2000-03-03T01:41:37.520Z,-11.57,167.106,33,4.2,mb,,,,1.39,us,usp0009p6w,2014-11-07T01:09:37.964Z,"170 km ESE of Lata, Solomon Islands",earthquake,,,,2,reviewed,us,us
2000-03-03T01:21:06.670Z,5.295,96.067,189,4.6,mb,,,,0.77,us,usp0009p6v,2014-11-07T01:09:37.954Z,"15 km SE of Sigli, Indonesia",earthquake,,27.2,,30,reviewed,us,us
2000-03-03T01:18:44.310Z,43.126,134.49,406.6,4.2,mb,,,,0.71,us,usp0009p6u,2014-11-07T01:09:37.949Z,"53 km ENE of Preobrazheniye, Russia",earthquake,,9.3,,7,reviewed,us,us
2000-03-02T23:04:36.870Z,46.6956667,-122.7948333,15.508,2.9,md,20,86,0.3277,0.16,uw,uw10491613,2016-07-22T23:49:39.620Z,"12 km E of Centralia, Washington",explosion,0.863,2.48,0.03,4,reviewed,uw,uw
2000-03-02T22:19:19.090Z,28.32,-43.268,10,4.7,mb,,,,1.32,us,usp0009p6r,2014-11-07T01:09:37.936Z,"northern Mid-Atlantic Ridge",earthquake,,,,11,reviewed,us,us
2000-03-02T22:01:11.840Z,14.41,146.937,33,4.1,mb,,,,0.9,us,usp0009p6q,2014-11-07T01:09:37.932Z,"154 km ESE of San Jose Village, Northern Mariana Islands",earthquake,,,,2,reviewed,us,us
2000-03-02T21:32:53.050Z,20.102,121.689,33,4.1,mb,,,,1.26,us,usp0009p6p,2014-11-07T01:09:37.929Z,"48 km SW of Basco, Philippines",earthquake,,,,2,reviewed,us,us
2000-03-02T21:11:13.230Z,0.56,98.497,68.9,4.9,mb,,,,0.86,us,usp0009p6n,2014-11-07T01:09:37.921Z,"125 km SW of Padangsidempuan, Indonesia",earthquake,,18,,15,reviewed,us,us
2000-03-02T20:57:26.560Z,20.122,121.421,33,4.6,mb,,,,1,us,usp0009p6m,2014-11-07T01:09:37.909Z,"67 km WSW of Basco, Philippines",earthquake,,,,19,reviewed,us,us
2000-03-02T20:53:23.900Z,10.276,-86.779,7.2,4.4,mb,,,,,us,usp0009p6k,2014-11-07T01:09:37.902Z,"126 km WSW of Sardinal, Costa Rica",earthquake,,,,3,reviewed,casc,us
2000-03-02T20:50:25.730Z,-19.887,-176.55,252.9,4.6,mb,,,,0.79,us,usp0009p6j,2014-11-07T01:09:37.879Z,"197 km NW of Nuku‘alofa, Tonga",earthquake,,38.9,,16,reviewed,us,us
2000-03-02T20:25:15.740Z,10.65,-86.546,33,4.3,mb,,,,1.26,us,usp0009p6h,2014-11-07T01:09:37.870Z,"99 km W of Sardinal, Costa Rica",earthquake,,,,4,reviewed,us,us
2000-03-02T19:20:15.600Z,16.072,-97.027,16,4.3,md,,,,,us,usp0009p6f,2014-11-07T01:09:37.857Z,"6 km ESE of San Gabriel Mixtepec, Mexico",earthquake,,,,,reviewed,unm,unm
2000-03-02T19:04:27.680Z,51.142,15.775,5,3,ml,,,,0.53,us,usp0009p6e,2014-11-07T01:09:37.850Z,"7 km SSW of Olszanica, Poland",earthquake,,,,,reviewed,us,vie
2000-03-02T18:15:34.100Z,13.89,145.251,118.8,4.6,mb,,,,0.93,us,usp0009p6d,2014-11-07T01:09:37.841Z,"55 km NE of Yigo Village, Guam",earthquake,,7.8,,10,reviewed,us,us
2000-03-02T17:51:16.360Z,32.18,-114.967,5.954,2.53,mc,0,245.9,0.5113,0.271,ci,ci9141360,2016-02-16T11:41:47.272Z,"4km ESE of Estacion Coahuila, B.C., MX",earthquake,,,,5,reviewed,ci,ci
2000-03-02T17:20:59.490Z,10.886,-62.395,84,3.2,md,,,,,us,usp0009p6c,2014-11-07T01:09:37.837Z,"35 km NNW of Güiria, Venezuela",earthquake,,,,,reviewed,trn,trn
2000-03-02T17:09:27.910Z,36.0838333,-117.6046667,0.546,3.5,ml,22,170,0.09719,0.16,ci,ci9141361,2016-04-02T07:54:24.248Z,"31km E of Coso Junction, CA",earthquake,0.48,0.59,0.267,60,reviewed,ci,ci
2000-03-02T15:00:34.050Z,36.0823333,-117.6041667,-1.024,3.93,ml,26,57,0.09641,0.17,ci,ci7180136,2016-04-02T01:29:01.177Z,"31km E of Coso Junction, CA",earthquake,0.43,0.66,0.212,69,reviewed,ci,ci
2000-03-02T14:58:15.290Z,18.885,-65.178,42.1,3.7,md,,,,,us,usp0009p68,2014-11-07T01:09:37.813Z,"65 km NNW of Charlotte Amalie, U.S. Virgin Islands",earthquake,,,,,reviewed,rspr,rspr
2000-03-02T13:27:43.500Z,40.2868333,-124.4458333,20.45,3.15,md,30,233,0.2063,0.07,nc,nc21085024,2016-12-31T07:19:18.910Z,"35 km SSW of Ferndale, California",earthquake,0.93,0.25,0.11,56,reviewed,nc,nc
2000-03-02T13:13:10.699Z,63.1889,-150.5656,133.7,4.3,mb,,,,0.94,ak,ak0002ur4ym5,2020-02-20T20:12:43.772Z,"69 km SE of Denali National Park, Alaska",earthquake,,0.3,,,reviewed,ak,ak
2000-03-02T09:31:57.368Z,59.9295,-152.6455,79.6,2.8,ml,,,,0.82,ak,ak0002uov6oo,2020-02-20T20:12:45.639Z,"48 km WNW of Anchor Point, Alaska",earthquake,,0.4,,,reviewed,ak,ak
2000-03-02T07:27:19.010Z,44.499,9.641,5.9,3.2,ml,,,,,us,usp0009p63,2014-11-07T01:09:37.748Z,"0 km SE of Bedonia, Italy",earthquake,,,,,reviewed,gen,ldg
2000-03-02T06:22:18.300Z,44.519,9.655,0,3.4,ml,,,,,us,usp0009p62,2014-11-07T01:09:37.725Z,"2 km NE of Bedonia, Italy",earthquake,,,,,reviewed,gen,str
2000-03-02T06:03:03.820Z,26.111,-111.67,10,4.4,mb,,,,1.17,us,usp0009p61,2014-11-07T01:09:37.701Z,"33 km WNW of Loreto, Mexico",earthquake,,,,9,reviewed,us,us
2000-03-02T05:15:25.070Z,-32.033,-71.526,25.7,4,md,,,,,us,usp0009p60,2014-11-07T01:09:37.694Z,"54 km NNW of La Ligua, Chile",earthquake,,,,,reviewed,guc,guc
2000-03-02T04:51:14.243Z,60.2142,-152.3322,88.1,3,ml,,,,0.8,ak,ak0002um07nk,2020-02-20T20:12:46.745Z,"41 km WNW of Ninilchik, Alaska",earthquake,,0.6,,,reviewed,ak,ak
2000-03-02T04:43:37.240Z,-37.797,-74.9,33,4.2,mb,,,,0.63,us,usp0009p5x,2014-11-07T01:09:37.664Z,"111 km W of Lebu, Chile",earthquake,,,,7,reviewed,us,us
2000-03-02T04:29:48.560Z,-2.371,28.026,10,5,mb,,,,0.87,us,usp0009p5w,2022-04-29T18:34:20.851Z,"86 km W of Kabare, Democratic Republic of the Congo",earthquake,,,,39,reviewed,us,us
2000-03-02T04:24:18.880Z,13.561,57.341,10,4.7,mb,,,,1.42,us,usp0009p5v,2014-11-07T01:09:37.636Z,"Owen Fracture Zone region",earthquake,,,,13,reviewed,us,us
2000-03-02T03:50:37.590Z,-34.044,-72.048,45.7,3.6,md,,,,,us,usp0009p5t,2014-11-07T01:09:37.626Z,"64 km SW of San Antonio, Chile",earthquake,,,,,reviewed,guc,guc
2000-03-02T03:10:57.090Z,10.009,-104.133,10,4,mb,,,,1.27,us,usp0009p5s,2014-11-07T01:09:37.623Z,"northern East Pacific Rise",earthquake,,,,3,reviewed,us,us
2000-03-02T02:56:30.650Z,51.143,15.762,5,3.3,ml,,,,0.58,us,usp0009p5r,2014-11-07T01:09:37.616Z,"7 km SSW of Olszanica, Poland",earthquake,,,,,reviewed,us,vie
2000-03-02T02:44:51.710Z,-2.582,27.826,10,5.4,mb,,,,0.87,us,usp0009p5q,2022-04-29T17:49:43.143Z,"107 km W of Kabare, Democratic Republic of the Congo",earthquake,,,,51,reviewed,us,us
2000-03-02T01:53:14.100Z,-23.335,-66.673,215,3.4,mb,,,,1.16,us,usp0009p5p,2014-11-07T01:09:37.575Z,"102 km W of El Aguilar, Argentina",earthquake,,8.6,,3,reviewed,us,us
2000-03-02T01:43:13.956Z,59.6973,-153.2025,103.4,2.9,ml,,,,0.61,ak,ak0002uk6737,2020-02-20T20:12:48.533Z,"51 km ESE of Pedro Bay, Alaska",earthquake,,0.4,,,reviewed,ak,ak
2000-03-02T00:20:38.225Z,61.5613,-148.7332,26,2.5,ml,,,,0.82,ak,ak0002ujfvvy,2020-02-20T20:12:49.307Z,"13 km ESE of Lazy Mountain, Alaska",earthquake,,0.2,,,reviewed,ak,ak
2000-03-01T23:37:05.410Z,14.356,146.623,47.5,4.9,ms,,,,0.9,us,usp0009p5k,2014-11-07T01:09:37.526Z,"127 km ESE of San Jose Village, Northern Mariana Islands",earthquake,,15.3,,52,reviewed,us,us
2000-03-01T23:31:21.550Z,16.218,-96.848,33,4.9,mb,,,,1.33,us,usp0009p5j,2022-04-29T19:09:30.690Z,"2 km ESE of San Jerónimo Coatlán, Mexico",earthquake,,,,19,reviewed,us,us
2000-03-01T23:18:39.600Z,13.914,-91.417,70.1,3.9,mb,,,,1.37,us,usp0009p5h,2014-11-07T01:09:37.486Z,"34 km SSW of Nueva Concepción, Guatemala",earthquake,,,,3,reviewed,us,us
2000-03-01T23:05:14.227Z,60.1896,-145.9005,10,5.4,mw,,,,0.86,ak,ak0002t9i8pq,2022-04-29T19:23:12.999Z,"40 km S of Cordova, Alaska",earthquake,,0,,,reviewed,ak,ak
2000-03-01T20:44:38.140Z,-10.587,-75.187,33,4.1,mb,,,,0.59,us,usp0009p5f,2014-11-07T01:09:37.326Z,"19 km NNE of Villa Rica, Peru",earthquake,,,,3,reviewed,us,us
2000-03-01T20:06:27.970Z,28.4,52.846,33,5,mwc,,,,0.96,us,usp0009p5e,2022-04-29T18:34:19.641Z,"56 km SSE of F?r?z?b?d, Iran",earthquake,,,,,reviewed,us,hrv
2000-03-01T19:37:57.690Z,-35.611,-71.828,129.7,3.3,md,,,,,us,usp0009p5d,2014-11-07T01:09:37.238Z,"9 km W of San Javier, Chile",earthquake,,,,,reviewed,guc,guc
2000-03-01T18:48:01.670Z,-23.301,168.732,33,4.6,mb,,,,1.27,us,usp0009p5c,2014-11-07T01:09:37.220Z,"144 km ESE of Vao, New Caledonia",earthquake,,,,8,reviewed,us,us
2000-03-01T17:29:05.100Z,-32.721,-71.752,15.1,4.2,md,,,,,us,usp0009p5b,2014-11-07T01:09:37.209Z,"36 km NNW of Valparaíso, Chile",earthquake,,,,,reviewed,guc,guc
2000-03-01T14:52:55.500Z,14.563,146.709,33,4.6,mb,,,,0.84,us,usp0009p59,2014-11-07T01:09:37.180Z,"125 km SE of Saipan, Northern Mariana Islands",earthquake,,,,13,reviewed,us,us
2000-03-01T14:28:58.790Z,-3.712,131.313,33,4.4,mb,,,,1.14,us,usp0009p58,2014-11-07T01:09:37.170Z,"Ceram Sea, Indonesia",earthquake,,,,5,reviewed,us,us
2000-03-01T13:32:32.950Z,49.232,156.321,33,4.7,mb,,,,1.12,us,usp0009p56,2014-11-07T01:09:37.130Z,"161 km S of Severo-Kuril’sk, Russia",earthquake,,,,28,reviewed,us,us
2000-03-01T12:39:42.310Z,31.886,-114.888,5.975,2.5,mh,0,293.7,0.7238,0.32,ci,ci9141198,2016-02-16T04:40:18.268Z,"36km SSE of Estacion Coahuila, B.C., MX",earthquake,,,,0,reviewed,ci,ci
2000-03-01T12:20:54.706Z,61.4896,-150.6887,57.5,2.5,ml,,,,0.48,ak,ak0002t31rxa,2020-02-20T20:12:53.731Z,"11 km WSW of Susitna, Alaska",earthquake,,0.4,,,reviewed,ak,ak
2000-03-01T10:52:16.893Z,60.3267,-148.2916,13.5,2.9,ml,,,,0.5,ak,ak0002t21opl,2020-02-20T20:12:54.064Z,"32 km NNW of Chenega, Alaska",earthquake,,0.3,,,reviewed,ak,ak
2000-03-01T10:39:58.110Z,-4.701,140.211,33,4.4,mb,,,,1.22,us,usp0009p53,2014-11-07T01:09:37.070Z,"197 km NW of Kiunga, Papua New Guinea",earthquake,,,,4,reviewed,us,us
2000-03-01T09:31:07.080Z,-21.106,-68.127,160,3.6,mb,,,,1.19,us,usp0009p51,2014-11-07T01:09:37.058Z,"153 km SW of Colchani, Bolivia",earthquake,,19.8,,2,reviewed,us,us
2000-03-01T09:28:27.310Z,49.615,156.054,86.2,4,mb,,,,1.29,us,usp0009p50,2014-11-07T01:09:37.046Z,"118 km S of Severo-Kuril’sk, Russia",earthquake,,14.3,,2,reviewed,us,us
2000-03-01T09:26:40.560Z,49.459,157.069,33,3.5,mb,,,,1.46,us,usp0009p4z,2014-11-07T01:09:37.037Z,"151 km SSE of Severo-Kuril’sk, Russia",earthquake,,,,1,reviewed,us,us
2000-03-01T08:52:39.986Z,59.2553,-152.6647,64.2,2.6,ml,,,,0.38,ak,ak0002t0uva6,2020-02-20T20:12:54.420Z,"43 km WSW of Nanwalek, Alaska",earthquake,,0.4,,,reviewed,ak,ak
2000-03-01T08:48:00.650Z,-52.306,14.51,10,5.1,mwc,,,,1.1,us,usp0009p4x,2025-12-19T22:47:10.952Z,"southwest of Africa",earthquake,,,,,reviewed,us,hrv
2000-03-01T08:09:10.500Z,-33.836,-71.226,59.4,3.2,md,,,,,us,usp0009p4w,2014-11-07T01:09:36.977Z,"16 km S of Melipilla, Chile",earthquake,,,,,reviewed,guc,guc
2000-03-01T06:51:16.131Z,60.2043,-141.9004,1.2,2.6,ml,,,,0.46,ak,ak0002sznqil,2020-02-20T20:12:49.715Z,"Southern Alaska",earthquake,,0.3,,,reviewed,ak,ak
2000-03-01T06:48:40.665Z,60.2441,-141.9194,0.4,2.9,ml,,,,0.57,ak,ak0002szn59e,2020-02-20T20:12:54.763Z,"143 km SSE of McCarthy, Alaska",earthquake,,0.4,,,reviewed,ak,ak
2000-03-01T06:42:27.032Z,65.2106,-151.8922,18.9,2.5,ml,,,,1.16,ak,ak0002szltwv,2020-02-20T20:12:55.083Z,"9 km ENE of Tanana, Alaska",earthquake,,3.4,,,reviewed,ak,ak
2000-03-01T06:05:16.190Z,-4.756,140.362,33,4.4,mb,,,,1.4,us,usp0009p4m,2014-11-07T01:09:36.888Z,"182 km NW of Kiunga, Papua New Guinea",earthquake,,,,6,reviewed,us,us
2000-03-01T06:03:00.310Z,40.453,-127.264,10,4.2,mb,,,,1.12,us,usp0009p4k,2014-11-07T01:09:36.864Z,"254 km W of Ferndale, California",earthquake,,,,2,reviewed,us,us
2000-03-01T04:46:29.540Z,-19.103,-179.361,671.9,5.6,mwc,,,,0.88,us,usp0009p4j,2022-04-29T18:34:18.343Z,"180 km SE of Levuka, Fiji",earthquake,,,,,reviewed,us,hrv
2000-03-01T04:21:01.390Z,-19.005,-179.361,675,5.8,mwc,,,,0.92,us,usp0009p4h,2022-04-29T18:34:16.968Z,"174 km SE of Levuka, Fiji",earthquake,,,,,reviewed,us,hrv
2000-03-01T02:06:23.710Z,17.876,-83.326,33,4,mb,,,,0.7,us,usp0009p4g,2014-11-07T01:09:36.429Z,"north of Honduras",earthquake,,,,2,reviewed,us,us
2000-03-01T02:05:00.480Z,11.577,142.11,33,5.2,mwc,,,,0.97,us,usp0009p4f,2025-12-19T22:34:24.993Z,"265 km NE of Fais, Micronesia",earthquake,,,,,reviewed,us,hrv
2000-03-01T01:17:47.140Z,51.34,16.024,5,3.2,ml,,,,1.45,us,usp0009p4e,2014-11-07T01:09:35.813Z,"9 km NE of Chojnów, Poland",earthquake,,,,,reviewed,us,vie
