time,latitude,longitude,depth,mag,magType,nst,gap,dmin,rms,net,id,updated,place,type,horizontalError,depthError,magError,magNst,status,locationSource,magSource
2004-06-29T23:35:46.420Z,-17.576,-178.783,576.5,3.6,mb,16,118.7,,0.83,us,usp000cz6r,2014-11-07T01:22:44.105Z,"208 km ENE of Levuka, Fiji",earthquake,,45.1,,3,reviewed,us,us
2004-06-29T23:20:41.340Z,0.461,126.155,60,5,mwc,70,68.6,,1.01,us,usp000cz6q,2016-11-10T00:39:04.204Z,"141 km WSW of Ternate, Indonesia",earthquake,,,,,reviewed,us,hrv
2004-06-29T22:59:03.000Z,-32.217,-71.114,59.2,3.5,md,14,134.8,,,us,usp000cz6k,2014-11-07T01:22:44.079Z,"28 km NNE of La Ligua, Chile",earthquake,,,,,reviewed,guc,guc
2004-06-29T22:43:03.100Z,47.5,8.2,21,2.9,ml,79,25.3,,,us,usp000cz6j,2014-11-07T01:22:44.070Z,"2 km NNW of Brugg, Switzerland",earthquake,,,,,reviewed,zur,zamg
2004-06-29T22:37:47.740Z,35.129,-4.071,0,3.2,m,7,295.5,,,us,usp000cz6h,2014-11-07T01:22:44.068Z,"15 km SW of Tirhanimîne, Morocco",earthquake,,,,,reviewed,mdd,mdd
2004-06-29T22:25:50.700Z,47.455,13.244,10,3.6,ml,109,26.2,,1.04,us,usp000cz6f,2014-11-07T01:22:44.054Z,"1 km SW of Werfenweng, Austria",earthquake,,,,,reviewed,us,str
2004-06-29T22:03:47.800Z,37.83,21.16,19,3.9,md,51,127.4,,,us,usp000cz6e,2014-11-07T01:22:44.049Z,"4 km ESE of Arkoúdi, Greece",earthquake,,,,,reviewed,ath,ath
2004-06-29T21:35:45.770Z,-5.152,151.308,148.6,4.4,mb,23,136.2,,0.9,us,usp000cz6d,2014-11-07T01:22:44.047Z,"137 km ENE of Kimbe, Papua New Guinea",earthquake,,19.8,,6,reviewed,us,us
2004-06-29T21:26:12.710Z,41.902,144.436,35,4.4,mb,26,140.3,,1.14,us,usp000cz6b,2014-11-07T01:22:44.043Z,"119 km S of Kushiro, Japan",earthquake,,0,,6,reviewed,us,us
2004-06-29T20:07:47.100Z,42.05,15.127,9.9,2.9,md,15,128.4,,,us,usp000cz68,2014-11-07T01:22:44.038Z,"12 km ENE of Termoli, Italy",earthquake,,,,,reviewed,rom,rom
2004-06-29T19:32:33.100Z,39.71,20.87,5,2.8,md,8,109.1,,,us,usp000cz66,2014-11-07T01:22:44.035Z,"2 km NE of Pérama, Greece",earthquake,,,,,reviewed,ath,ath
2004-06-29T19:04:09.721Z,63.5755,-147.5348,8.2,3.1,ml,,,,0.77,ak,ak0048bnlxho,2019-02-13T01:15:23.968Z,"70 km ESE of McKinley Park, Alaska",earthquake,,0.2,,,reviewed,ak,ak
2004-06-29T18:54:36.800Z,38.19,23.13,14,2.7,md,5,306.7,,,us,usp000cz64,2014-11-07T01:22:44.030Z,"9 km SW of Kaparéllion, Greece",earthquake,,,,,reviewed,ath,ath
2004-06-29T18:54:02.300Z,54.031,-162.792,10,2.7,ml,14,225.5,,,us,usp000cz63,2019-02-13T01:15:23.668Z,"100 km SSE of False Pass, Alaska",earthquake,,,,,reviewed,aeic,aeic
2004-06-29T18:48:49.200Z,37.43,22.81,24,2.6,md,6,134.5,,,us,usp000cz62,2014-11-07T01:22:44.014Z,"8 km ENE of Ástros, Greece",earthquake,,,,,reviewed,ath,ath
2004-06-29T17:57:01.730Z,55.284,162.846,14.2,3.9,mb,18,99.2,,1.2,us,usp000cz60,2014-11-07T01:22:44.011Z,"107 km SSE of Ust’-Kamchatsk Staryy, Russia",earthquake,,46.2,,2,reviewed,us,us
2004-06-29T17:36:01.247Z,54.9309,-135.2984,10,3.2,ml,,,,1.03,ak,ak0048bmlwjg,2019-02-13T01:15:35.672Z,"149 km WSW of Craig, Alaska",earthquake,,0,,,reviewed,ak,ak
2004-06-29T17:09:48.910Z,-7.802,122.91,221.5,4.5,mb,13,147.8,,0.62,us,usp000cz5y,2014-11-07T01:22:44.006Z,"118 km NE of Maumere, Indonesia",earthquake,,16.3,,2,reviewed,us,us
2004-06-29T16:57:34.700Z,45.849,96.56,27.1,4,mb,22,72.2,,1.28,us,usp000cz5x,2014-11-07T01:22:44.004Z,"62 km SSE of Altai, Mongolia",earthquake,,25.7,,6,reviewed,us,us
2004-06-29T16:08:38.300Z,-32.756,-71.525,21.9,4.3,ml,19,173.7,,,us,usp000cz5u,2014-11-07T01:22:43.998Z,"29 km W of Hacienda La Calera, Chile",earthquake,,,,,reviewed,guc,guc
2004-06-29T15:49:21.910Z,35.65,78.536,10,4.3,mb,22,157,,1.01,us,usp000cz5s,2014-11-07T01:22:43.993Z,"177 km ENE of Thang, India",earthquake,,,,2,reviewed,us,us
2004-06-29T14:59:02.100Z,37.32,28.15,12,3.7,md,31,61.1,,,us,usp000cz5r,2014-11-07T01:22:43.990Z,"2 km NW of Bozarmut, Turkey",earthquake,,,,,reviewed,ath,ath
2004-06-29T14:32:05.030Z,53.563,-164.294,20.3,3.3,ml,20,233.4,,,us,usp000cz5n,2019-02-13T01:15:23.014Z,"116 km ESE of Akutan, Alaska",earthquake,,,,,reviewed,aeic,aeic
2004-06-29T13:59:26.300Z,16.501,-98.396,7.6,3.8,md,9,172.2,,,us,usp000cz5j,2014-11-07T01:22:43.950Z,"3 km NNE of Cuajinicuilapa, Mexico",earthquake,,,,,reviewed,unm,unm
2004-06-29T13:56:26.875Z,62.5153,-142.7528,2.5,2.5,ml,,,,1.2,ak,ak0048bkcif3,2019-02-13T01:15:22.406Z,"20 km NE of Nabesna, Alaska",earthquake,,0.5,,,reviewed,ak,ak
2004-06-29T13:53:54.247Z,55.1068,-134.1268,18,3.3,ml,,,,0.75,ak,ak0048bkbxds,2019-02-13T01:15:34.049Z,"74 km SW of Craig, Alaska",earthquake,,175.8,,,reviewed,ak,ak
2004-06-29T13:07:48.810Z,40.83,25.986,1,3.9,ml,14,138.1,,,us,usp000cz5f,2014-11-07T01:22:43.944Z,"9 km ESE of Alexandroupoli, Greece",earthquake,,,,,reviewed,the,the
2004-06-29T12:31:05.580Z,21.693,143.598,201.7,3.9,mb,19,107,,0.62,us,usp000cz5e,2014-11-07T01:22:43.942Z,"Mariana Islands region",earthquake,,38.4,,1,reviewed,us,us
2004-06-29T12:29:36.900Z,-31.703,-68.411,150,3.6,md,15,78.1,,,us,usp000cz5d,2014-11-07T01:22:43.940Z,"4 km SSW of Nueve de Julio, Argentina",earthquake,,,,,reviewed,guc,guc
2004-06-29T12:01:39.000Z,37.21,21.42,8,3.2,md,7,200.9,,,us,usp000cz5c,2014-11-07T01:22:43.938Z,"15 km WNW of Filiatrá, Greece",earthquake,,,,,reviewed,ath,ath
2004-06-29T12:00:18.200Z,16.051,-97.039,16,3.6,md,6,179.8,,,us,usp000cz5b,2014-11-07T01:22:43.892Z,"6 km SE of San Gabriel Mixtepec, Mexico",earthquake,,,,,reviewed,unm,unm
2004-06-29T11:40:17.060Z,-0.665,123.36,10,5.5,mwb,75,59.7,,1.38,us,usp000cz5a,2022-05-02T17:14:43.527Z,"71 km ENE of Luwuk, Indonesia",earthquake,,,,,reviewed,us,us
2004-06-29T10:23:17.700Z,45.95,2.83,5,2.5,ml,16,53.1,,,us,usp000cz58,2014-11-07T01:22:43.879Z,"1 km NNW of Saint-Georges-de-Mons, France",earthquake,,,,,reviewed,str,ldg
2004-06-29T10:20:43.600Z,36.0728333,-117.9001667,4.004,3.71,ml,39,29,0.05793,0.19,ci,ci10023841,2016-04-02T19:48:12.377Z,"5km NE of Coso Junction, CA",earthquake,0.31,0.49,0.2,131,reviewed,ci,ci
2004-06-29T10:15:12.980Z,40.835,26.017,2,3.9,md,28,74.6,,,us,usp000cz56,2014-11-07T01:22:43.870Z,"11 km E of Alexandroupoli, Greece",earthquake,,,,,reviewed,the,ath
2004-06-29T10:13:14.400Z,-19.3,-173.359,10,4.8,mb,20,146.1,,0.57,us,usp000cz55,2014-11-07T01:22:43.867Z,"97 km SE of Neiafu, Tonga",earthquake,,,,9,reviewed,us,us
2004-06-29T09:49:15.780Z,10.831,-62.687,107.7,4.4,mb,60,45.7,,0.99,us,usp000cz53,2014-11-07T01:22:43.698Z,"50 km WNW of Güiria, Venezuela",earthquake,,,,11,reviewed,us,us
2004-06-29T09:46:01.740Z,53.483,-167.242,8.5,3.3,ml,14,185.9,,,us,usp000cz52,2019-02-13T01:15:20.584Z,"63 km SW of Unalaska, Alaska",earthquake,,,,,reviewed,aeic,aeic
2004-06-29T09:31:50.800Z,-32.18,-70.496,103.4,3.3,md,11,195,,,us,usp000cz51,2014-11-07T01:22:43.689Z,"62 km SE of Salamanca, Chile",earthquake,,,,,reviewed,guc,guc
2004-06-29T09:12:10.900Z,42.015,15.068,9.2,2.6,md,9,174.9,,,us,usp000cz50,2014-11-07T01:22:43.687Z,"6 km ENE of Termoli, Italy",earthquake,,,,,reviewed,rom,rom
2004-06-29T08:29:25.440Z,40.842,26.162,10,3.1,ml,4,280.6,,,us,usp000cz4z,2014-11-07T01:22:43.686Z,"5 km S of Féres, Greece",earthquake,,,,,reviewed,the,the
2004-06-29T08:28:36.860Z,-7.362,129.673,72.2,4.5,mb,20,107.4,,1.24,us,usp000cz4y,2014-11-07T01:22:43.683Z,"Kepulauan Babar, Indonesia",earthquake,,19.7,,5,reviewed,us,us
2004-06-29T08:17:54.940Z,38.891,21.685,10,2.6,ml,5,182.3,,,us,usp000cz4x,2014-11-07T01:22:43.682Z,"10 km WSW of Karpenísi, Greece",earthquake,,,,,reviewed,the,the
2004-06-29T08:11:31.140Z,35.77,92.681,11.5,5.3,mwc,121,57.6,,0.95,us,usp000cz4w,2022-05-02T17:14:37.569Z,"Southern Qinghai, China",earthquake,,,,,reviewed,us,hrv
2004-06-29T08:09:32.430Z,-20.029,-178.369,570,4.4,mb,12,118.9,,1.34,us,usp000cz4v,2014-11-07T01:22:43.670Z,"Fiji region",earthquake,,,,2,reviewed,us,us
2004-06-29T07:15:54.260Z,10.932,-86.887,10,3.9,mb,7,211.3,,0.7,us,usp000cz4t,2014-11-07T01:22:43.667Z,"102 km SSW of Masachapa, Nicaragua",earthquake,,,,1,reviewed,us,us
2004-06-29T07:05:30.150Z,35.32,139.87,62.7,4.5,mb,12,225.3,,0.65,us,usp000cz4s,2014-11-07T01:22:43.665Z,"3 km S of Kimitsu, Japan",earthquake,,18.1,,2,reviewed,us,us
2004-06-29T07:02:59.270Z,37.418,-6.677,11.2,2.7,mblg,15,130,,,us,usp000cz4r,2014-11-07T01:22:43.662Z,"6 km N of Niebla, Spain",earthquake,,,,,reviewed,mdd,mdd
2004-06-29T07:01:30.900Z,10.738,-87.043,9,6.3,mwc,562,35.6,,1.25,us,usp000cz4q,2022-05-02T17:14:32.189Z,"129 km SSW of Masachapa, Nicaragua",earthquake,,,,,reviewed,us,hrv
2004-06-29T06:17:15.300Z,-29.23,-67.471,130,4.1,mb,11,131.6,,0.64,us,usp000cz4n,2014-11-07T01:22:43.610Z,"7 km SSE of Chilecito, Argentina",earthquake,,,,2,reviewed,us,us
2004-06-29T06:16:23.330Z,-22.916,-176.947,30,4.4,mb,12,119.1,,0.7,us,usp000cz4m,2014-11-07T01:22:43.609Z,"264 km SW of Vaini, Tonga",earthquake,,0,,2,reviewed,us,us
2004-06-29T05:31:13.350Z,19.498,-108.925,10,4.5,mb,86,200,,1.12,us,usp000cz4h,2014-11-07T01:22:43.596Z,"Revilla Gigedo Islands region",earthquake,,,,32,reviewed,us,us
2004-06-29T04:32:32.550Z,40.827,26.116,10,3.3,ml,8,259.2,,,us,usp000cz4f,2014-11-07T01:22:43.594Z,"8 km SSW of Féres, Greece",earthquake,,,,,reviewed,the,the
2004-06-29T03:14:15.420Z,36.43,25.344,6,3.6,ml,34,43.7,,,us,usp000cz4d,2014-11-07T01:22:43.589Z,"4 km SW of Oía, Greece",earthquake,,,,,reviewed,the,ath
2004-06-29T03:09:58.370Z,-19.712,-178.117,603.1,4.7,mb,145,40.4,,0.78,us,usp000cz4c,2014-11-07T01:22:43.572Z,"Fiji region",earthquake,,11,,44,reviewed,us,us
2004-06-29T03:04:06.000Z,-26.589,-69.361,7.3,4.2,ml,6,191.1,,,us,usp000cz4b,2014-11-07T01:22:43.571Z,"72 km ESE of Diego de Almagro, Chile",earthquake,,,,,reviewed,guc,guc
2004-06-29T02:55:38.780Z,40.827,26.173,10,3.5,ml,11,231.2,,,us,usp000cz4a,2014-11-07T01:22:43.569Z,"7 km S of Féres, Greece",earthquake,,,,,reviewed,the,the
2004-06-29T02:26:04.600Z,-36.841,-71.855,91.3,3.9,md,11,288.2,,,us,usp000cz49,2014-11-07T01:22:43.567Z,"23 km S of Coihueco, Chile",earthquake,,,,,reviewed,guc,guc
2004-06-29T02:22:45.710Z,72.907,5.139,10,4.4,mb,94,68.4,,1.4,us,usp000cz48,2014-11-07T01:22:43.556Z,"Norwegian Sea",earthquake,,,,29,reviewed,us,us
2004-06-29T02:17:10.600Z,34.47,26.88,24,3.3,md,5,262.8,,,us,usp000cz47,2014-11-07T01:22:43.555Z,"98 km SE of Palekastro, Greece",earthquake,,,,,reviewed,ath,ath
2004-06-29T02:11:53.040Z,40.892,26.141,2,3.1,ml,49,77.4,,,us,usp000cz45,2014-11-07T01:22:43.548Z,"2 km W of Féres, Greece",earthquake,,,,,reviewed,the,the
2004-06-29T01:54:01.600Z,-19.309,167.452,35,4.8,mb,14,199.7,,0.78,us,usp000cz44,2014-11-07T01:22:43.545Z,"176 km NNE of Fayaoué, New Caledonia",earthquake,,,,4,reviewed,us,us
2004-06-29T01:51:02.314Z,55.125,-134.2613,10,3,ml,,,,1.68,ak,ak0048bd66on,2019-02-13T01:15:24.880Z,"80 km WSW of Craig, Alaska",earthquake,,0,,,reviewed,ak,ak
2004-06-29T01:38:49.800Z,42.0598333,-120.2365,12.725,2.7,md,16,124,0.1649,0.57,uw,uw10615803,2016-07-23T02:07:25.340Z,"8 km NE of New Pine Creek, Oregon",earthquake,2.793,2.93,0.08,2,reviewed,uw,uw
2004-06-29T01:25:33.200Z,59.555,7.67,8,3.1,ml,27,51.8,,,us,usp000cz41,2014-11-07T01:22:43.537Z,"17 km E of Hovden, Norway",earthquake,,,,,reviewed,ber,ber
2004-06-29T01:23:59.980Z,11.757,58.163,10,3.7,mb,8,123.6,,1.41,us,usp000cz40,2014-11-07T01:22:43.535Z,"Owen Fracture Zone region",earthquake,,,,1,reviewed,us,us
2004-06-29T00:55:45.700Z,43.51,-0.59,10,2.9,ml,42,70.6,,,us,usp000cz3z,2014-11-07T01:22:43.528Z,"5 km NNE of Arthez-de-Béarn, France",earthquake,,,,,reviewed,str,ldg
2004-06-29T00:38:46.430Z,-34.132,-179.388,64.8,5.1,mwc,70,110.1,,1.09,us,usp000cz3y,2025-12-19T23:13:32.279Z,"south of the Kermadec Islands",earthquake,,13.8,,,reviewed,us,hrv
2004-06-29T00:36:03.700Z,15.685,-97.197,8.6,4.1,md,12,209.8,,,us,usp000cz3x,2014-11-07T01:22:43.517Z,"23 km SW of Brisas de Zicatela, Mexico",earthquake,,,,,reviewed,unm,unm
2004-06-29T00:21:30.800Z,-17.299,-178.976,562.9,4.4,mb,13,196.1,,0.68,us,usp000cz3v,2014-11-07T01:22:43.513Z,"200 km ENE of Levuka, Fiji",earthquake,,56.4,,5,reviewed,us,us
2004-06-29T00:02:11.700Z,47.5,8.2,21,3.1,ml,79,27.1,,,us,usp000cz3t,2014-11-07T01:22:43.501Z,"2 km NNW of Brugg, Switzerland",earthquake,,,,,reviewed,zur,fur
2004-06-29T00:01:19.900Z,17.284,-94.872,134.6,4.7,mb,33,43.2,,,us,usp000cz3s,2014-11-07T01:22:43.497Z,"16 km SE of Suchilapan del Río, Mexico",earthquake,,,,4,reviewed,unm,us
2004-06-28T23:42:30.100Z,47.5,8.2,20,4.2,ml,204,12.9,,,us,usp000cz3r,2014-11-07T01:22:43.474Z,"2 km NNW of Brugg, Switzerland",earthquake,,,,,reviewed,zur,fur
2004-06-28T23:16:12.730Z,-34.241,-179.598,79.6,5.4,mwc,84,70.5,,1.09,us,usp000cz3q,2025-12-19T23:13:31.472Z,"south of the Kermadec Islands",earthquake,,12.9,,,reviewed,us,hrv
2004-06-28T23:08:17.746Z,54.9695,-134.9673,9.7,3,ml,,,,1.4,ak,ak0048a2h6we,2019-02-13T01:15:17.524Z,"128 km WSW of Craig, Alaska",earthquake,,6.8,,,reviewed,ak,ak
2004-06-28T21:38:43.640Z,58.4367,-133.6453,10,2.5,ml,,,,1.15,ak,ak0048a1gt64,2019-02-13T01:15:16.191Z,"47 km ENE of Juneau, Alaska",earthquake,,0,,,reviewed,ak,ak
2004-06-28T21:27:26.900Z,-6.478,154.715,87.6,4.3,mb,14,212.7,,0.73,us,usp000cz3n,2014-11-07T01:22:43.459Z,"87 km WSW of Panguna, Papua New Guinea",earthquake,,25.5,,4,reviewed,us,us
2004-06-28T19:14:57.640Z,-35.5,78.34,10,4.8,mb,23,65.7,,0.74,us,usp000cz3h,2014-11-07T01:22:43.436Z,"Mid-Indian Ridge",earthquake,,,,11,reviewed,us,us
2004-06-28T19:10:39.610Z,40.492,25.724,10,3.2,ml,7,190.6,,,us,usp000cz3g,2014-11-07T01:22:43.435Z,"17 km E of Samothráki, Greece",earthquake,,,,,reviewed,the,the
2004-06-28T18:57:22.560Z,19.414,-109.014,10,3.9,mb,31,205.6,,0.76,us,usp000cz3e,2014-11-07T01:22:43.430Z,"Revilla Gigedo Islands region",earthquake,,,,10,reviewed,us,us
2004-06-28T18:30:15.730Z,36.938,4.12,10,3.3,ml,43,159.9,,0.74,us,usp000cz3c,2014-11-07T01:22:43.424Z,"15 km N of Boudjima, Algeria",earthquake,,,,,reviewed,us,alg
2004-06-28T18:17:53.700Z,38.16,23.11,7,2.5,md,5,295.3,,,us,usp000cz3a,2014-11-07T01:22:43.422Z,"12 km SW of Kaparéllion, Greece",earthquake,,,,,reviewed,ath,ath
2004-06-28T18:08:46.000Z,-33.996,-72.289,28.3,4.8,mb,55,118.2,,,us,usp000cz39,2014-11-07T01:22:43.416Z,"77 km SW of San Antonio, Chile",earthquake,,,,18,reviewed,guc,us
2004-06-28T18:00:46.410Z,-5.695,102.108,32.9,4.2,mb,16,114.9,,0.66,us,usp000cz38,2014-11-07T01:22:43.414Z,"210 km S of Bengkulu, Indonesia",earthquake,,,,3,reviewed,us,us
2004-06-28T17:44:36.510Z,40.454,19.984,0.6,4.3,ml,128,29.2,,,us,usp000cz37,2014-11-07T01:22:43.402Z,"11 km N of Memaliaj, Albania",earthquake,,,,,reviewed,the,ath
2004-06-28T17:24:45.400Z,38.55,22.69,42,2.7,md,7,162,,,us,usp000cz36,2014-11-07T01:22:43.401Z,"6 km SSW of Káto Tithoréa, Greece",earthquake,,,,,reviewed,ath,ath
2004-06-28T17:16:31.910Z,35.03,-4.101,0,3.1,m,7,297,,,us,usp000cz35,2014-11-07T01:22:43.399Z,"22 km ENE of Targuist, Morocco",earthquake,,,,,reviewed,mdd,mdd
2004-06-28T16:52:54.500Z,38.45,24.28,13,3,ml,13,219,,,us,usp000cz34,2014-11-07T01:22:43.397Z,"20 km SE of Oxílithos, Greece",earthquake,,,,,reviewed,ath,ath
2004-06-28T16:48:02.600Z,42.298,2.227,6,2.6,ml,20,216.8,,,us,usp000cz33,2014-11-07T01:22:43.394Z,"4 km E of Ribes de Freser, Spain",earthquake,,,,,reviewed,ldg,ldg
2004-06-28T16:44:24.561Z,54.7324,-134.7152,10,3.8,ml,,,,1.37,ak,ak00489yivyw,2019-02-13T01:15:12.047Z,"129 km SW of Craig, Alaska",earthquake,,0,,,reviewed,ak,ak
2004-06-28T16:17:33.160Z,-40.829,80.769,10,4.4,mb,16,120.7,,1.15,us,usp000cz30,2014-11-07T01:22:43.389Z,"Mid-Indian Ridge",earthquake,,,,2,reviewed,us,us
2004-06-28T16:17:06.240Z,37.9943333,-121.6421667,10.927,2.66,md,74,52,0.1766,0.18,nc,nc21373518,2017-01-07T16:45:23.960Z,"2 km S of Bethel Island, California",earthquake,0.24,0.48,0.08,54,reviewed,nc,nc
2004-06-28T15:49:54.490Z,55.1333,-134.9639,10,3.5,ml,,,,1.34,ak,ak00489xyl95,2019-02-13T01:15:11.219Z,"121 km WSW of Craig, Alaska",earthquake,,0,,,reviewed,ak,ak
2004-06-28T15:38:09.640Z,-40.833,80.585,10,4.8,mb,20,120.8,,1.32,us,usp000cz2x,2014-11-07T01:22:43.383Z,"Mid-Indian Ridge",earthquake,,,,2,reviewed,us,us
2004-06-28T14:46:30.630Z,35.079,-4,0,3.8,m,17,283.9,,,us,usp000cz2w,2014-11-07T01:22:43.381Z,"14 km WSW of Bni Bouayach, Morocco",earthquake,,,,,reviewed,mdd,mdd
2004-06-28T14:22:47.270Z,56.538,118.148,13.7,4.8,mb,113,62.6,,1.35,us,usp000cz2v,2014-11-07T01:22:43.371Z,"32 km SSW of Novaya Chara, Russia",earthquake,,,,41,reviewed,us,us
2004-06-28T13:53:00.340Z,-23.353,179.271,543.1,4.9,mb,17,121,,1.02,us,usp000cz2t,2014-11-07T01:22:43.368Z,"south of the Fiji Islands",earthquake,,32.8,,2,reviewed,us,us
2004-06-28T13:33:11.290Z,36.636,71.498,197.4,3.7,mb,21,123.1,,0.94,us,usp000cz2r,2014-11-07T01:22:43.365Z,"6 km SSW of Ashk?sham, Afghanistan",earthquake,,17,,2,reviewed,us,us
2004-06-28T12:57:45.950Z,-41.064,80.903,10,5.6,mwc,53,50.1,,1.21,us,usp000cz2q,2022-05-02T17:14:26.348Z,"Mid-Indian Ridge",earthquake,,,,,reviewed,us,hrv
2004-06-28T12:33:08.700Z,19.602,-109.004,10,4.1,mb,29,208.2,,1.15,us,usp000cz2n,2014-11-07T01:22:43.354Z,"Revilla Gigedo Islands region",earthquake,,,,4,reviewed,us,us
2004-06-28T12:29:28.910Z,-3.142,139.636,10,3.6,mb,7,232.5,,1.42,us,usp000cz2m,2014-11-07T01:22:43.353Z,"126 km WSW of Abepura, Indonesia",earthquake,,,,1,reviewed,us,us
2004-06-28T12:10:35.000Z,45.88,-111.89,14.1,3.5,ml,16,101.9,,,us,usp000cz2j,2014-11-07T01:22:43.349Z,"5 km ENE of Cardwell, Montana",earthquake,,,,,reviewed,but,but
2004-06-28T11:51:43.000Z,-33.727,-70.044,5.4,2.9,ml,13,246,,,us,usp000cz2g,2014-11-07T01:22:43.346Z,"50 km ESE of Puente Alto, Chile",earthquake,,,,,reviewed,guc,guc
2004-06-28T11:42:46.490Z,18.051,-66.621,16.1,2.6,md,11,173.6,,,us,usp000cz2e,2014-11-07T01:22:43.343Z,"4 km N of Ponce, Puerto Rico",earthquake,,,,,reviewed,rspr,rspr
2004-06-28T11:30:39.429Z,55.6476,-159.5185,87.9,2.5,ml,,,,0.34,ak,ak00489vgr2e,2019-02-13T01:15:02.482Z,"28 km S of Ivanof Bay, Alaska",earthquake,,0.8,,,reviewed,ak,ak
2004-06-28T11:10:11.700Z,41.677,14.878,9.3,3,md,12,142.5,,,us,usp000cz2c,2014-11-07T01:22:43.340Z,"5 km WSW of Bonefro, Italy",earthquake,,,,,reviewed,rom,rom
2004-06-28T10:51:31.900Z,41.696,14.89,9.2,3.6,ml,73,33.3,,,us,usp000cz2a,2014-11-07T01:22:43.331Z,"3 km WSW of Bonefro, Italy",earthquake,,,,,reviewed,rom,ldg
2004-06-28T10:42:48.740Z,40.88,26.14,6,3.6,ml,36,101.5,,,us,usp000cz29,2014-11-07T01:22:43.328Z,"3 km WSW of Féres, Greece",earthquake,,,,,reviewed,the,the
2004-06-28T10:28:40.060Z,40.844,26.138,3,3.4,md,12,229.1,,,us,usp000cz27,2014-11-07T01:22:43.324Z,"6 km SSW of Féres, Greece",earthquake,,,,,reviewed,the,ath
2004-06-28T10:24:12.070Z,40.832,26.142,10,3.8,md,19,158.1,,,us,usp000cz26,2014-11-07T01:22:43.321Z,"7 km SSW of Féres, Greece",earthquake,,,,,reviewed,the,ath
2004-06-28T10:22:22.980Z,1.208,126.165,10,4.6,mb,13,174.8,,0.3,us,usp000cz25,2014-11-07T01:22:43.318Z,"136 km ESE of Laikit, Laikit II (Dimembe), Indonesia",earthquake,,0,,1,reviewed,us,us
2004-06-28T10:22:11.164Z,55.0662,-134.6454,10,3.5,ml,,,,1.38,ak,ak00489utjjw,2019-02-13T01:15:07.858Z,"105 km WSW of Craig, Alaska",earthquake,,0,,,reviewed,ak,ak
2004-06-28T10:12:46.105Z,54.8965,-134.4652,2,2.9,ml,,,,1.14,ak,ak00489urh36,2019-02-13T01:15:07.323Z,"105 km SW of Craig, Alaska",earthquake,,2.4,,,reviewed,ak,ak
2004-06-28T10:11:37.354Z,68.5478,-144.9647,10,3.4,ml,,,,1.23,ak,ak00489ur8p3,2019-02-13T01:15:07.599Z,"52 km NNE of Arctic Village, Alaska",earthquake,,0,,,reviewed,ak,ak
2004-06-28T09:59:39.990Z,40.822,26.2,10,3.6,ml,33,64.7,,,us,usp000cz23,2014-11-07T01:22:43.311Z,"8 km SSE of Féres, Greece",earthquake,,,,,reviewed,the,the
2004-06-28T09:58:53.040Z,40.826,26,1,3.1,ml,23,73.3,,,us,usp000cz22,2014-11-07T01:22:43.178Z,"10 km ESE of Alexandroupoli, Greece",earthquake,,,,,reviewed,the,the
2004-06-28T09:49:51.366Z,55.0721,-134.5324,19.9,6.8,mw,,,,1.72,ak,ak00489udzds,2022-07-12T19:59:08.027Z,"98 km WSW of Craig, Alaska",earthquake,,569.2,,,reviewed,ak,ak
2004-06-28T09:39:09.600Z,47.603,16.454,5.2,3.2,ml,27,56.4,,0.84,us,usp000cz20,2014-11-07T01:22:43.020Z,"1 km NNW of Lackenbach, Austria",earthquake,,5.9,,,reviewed,us,zamg
2004-06-28T09:00:07.400Z,-2.93,139.584,45,4.3,mb,14,101.4,,1.46,us,usp000cz1x,2014-11-07T01:22:43.016Z,"122 km WSW of Abepura, Indonesia",earthquake,,0,,3,reviewed,us,us
2004-06-28T08:59:21.197Z,63.4416,-147.5477,7.2,2.6,ml,,,,0.87,ak,ak00489tumlz,2019-02-13T01:15:00.763Z,"70 km E of Cantwell, Alaska",earthquake,,0.2,,,reviewed,ak,ak
2004-06-28T08:18:33.330Z,26.54,96.457,89.4,4.7,mb,100,59.4,,0.91,us,usp000cz1u,2014-11-07T01:22:43.002Z,"51 km NW of Sarupathar, India",earthquake,,,,41,reviewed,us,us
2004-06-28T08:02:20.680Z,-1.863,138.804,22.9,4.4,mb,15,134.1,,0.9,us,usp000cz1t,2014-11-07T01:22:43.000Z,"218 km WNW of Abepura, Indonesia",earthquake,,56.5,,2,reviewed,us,us
2004-06-28T07:59:48.000Z,16.996,-85.09,38.5,3.6,mb,7,152.1,,1.14,us,usp000cz1s,2014-11-07T01:22:42.999Z,"101 km NE of Savannah Bight, Honduras",earthquake,,25.2,,1,reviewed,us,us
2004-06-28T07:44:20.450Z,39.345,97.255,10,4.4,mb,10,116.4,,1.33,us,usp000cz1r,2014-11-07T01:22:42.997Z,"68 km SW of Laojunmiao, China",earthquake,,0,,1,reviewed,us,us
2004-06-28T06:46:59.940Z,38.126,23.248,7,2.9,ml,14,60.9,,,us,usp000cz1q,2014-11-07T01:22:42.995Z,"9 km WSW of Vília, Greece",earthquake,,,,,reviewed,the,the
2004-06-28T06:40:35.510Z,40.91,26.003,4,3.4,ml,9,167.6,,,us,usp000cz1p,2014-11-07T01:22:42.993Z,"12 km ENE of Alexandroupoli, Greece",earthquake,,,,,reviewed,the,the
2004-06-28T06:37:19.317Z,67.1266,-164.6631,10,2.8,ml,,,,0.85,ak,ak00489sj1i3,2019-02-13T01:15:06.495Z,"67 km S of Kivalina, Alaska",earthquake,,0,,,reviewed,ak,ak
2004-06-28T06:29:34.300Z,17.048,-100.705,26.3,4.1,md,13,205.3,,,us,usp000cz1m,2014-11-07T01:22:42.989Z,"14 km SSW of Tetitlán, Mexico",earthquake,,,,,reviewed,unm,unm
2004-06-28T06:10:52.170Z,41.46,-88.9,10,4.2,mwr,60,42,,0.79,us,usp000cz1k,2026-06-11T00:24:39.585Z,"12 km NW of Dayton, Illinois",earthquake,,,,,reviewed,us,slm
2004-06-28T06:07:16.380Z,40.861,26.131,10,3.7,ml,10,233.5,,,us,usp000cz1j,2014-11-07T01:22:42.972Z,"4 km SW of Féres, Greece",earthquake,,,,,reviewed,the,the
2004-06-28T06:00:56.040Z,10.751,94.677,24.2,4.2,mb,17,177.4,,0.54,us,usp000cz1h,2014-11-07T01:22:42.970Z,"233 km ESE of Port Blair, India",earthquake,,,,6,reviewed,us,us
2004-06-28T05:42:40.300Z,-30.829,-71.687,33.7,3.2,ml,4,253.5,,,us,usp000cz1g,2014-11-07T01:22:42.968Z,"53 km WSW of Ovalle, Chile",earthquake,,,,,reviewed,guc,guc
2004-06-28T05:33:49.520Z,32.0291667,-115.8828333,6.797,2.89,ml,16,250,0.6173,0.32,ci,ci14069580,2016-04-02T00:44:55.994Z,"67km SSW of Progreso, B.C., MX",earthquake,1.08,27.83,0.313,29,reviewed,ci,ci
2004-06-28T05:11:06.340Z,19.621,-108.975,10,4.1,mb,50,203.4,,1.22,us,usp000cz1d,2014-11-07T01:22:42.961Z,"Revilla Gigedo Islands region",earthquake,,,,19,reviewed,us,us
2004-06-28T05:06:14.720Z,12.649,123.099,17.2,5.4,mwb,121,63.3,,1.05,us,usp000cz1c,2022-05-02T17:14:18.834Z,"26 km WSW of Osmeña, Philippines",earthquake,,19.1,,,reviewed,us,us
2004-06-28T04:09:18.120Z,40.897,26.215,6,3.2,ml,4,305.2,,,us,usp000cz1b,2014-11-07T01:22:42.940Z,"3 km E of Féres, Greece",earthquake,,,,,reviewed,the,the
2004-06-28T04:01:10.420Z,24.117,126.275,22.5,4.7,mb,39,135.8,,0.99,us,usp000cz1a,2014-11-07T01:22:42.937Z,"124 km SE of Hirara, Japan",earthquake,,,,16,reviewed,us,us
2004-06-28T03:14:50.250Z,-9.549,114.128,88.6,3.9,mb,8,206.9,,1.05,us,usp000cz19,2014-11-07T01:22:42.935Z,"125 km S of Muncar, Indonesia",earthquake,,30.9,,1,reviewed,us,us
2004-06-28T03:03:54.680Z,13.113,143.82,100,4.5,mb,13,105.9,,0.66,us,usp000cz18,2014-11-07T01:22:42.934Z,"93 km W of Merizo Village, Guam",earthquake,,,,2,reviewed,us,us
2004-06-28T02:23:30.860Z,39.002,141.589,67.8,4.7,mb,28,130.6,,0.95,us,usp000cz17,2014-11-07T01:22:42.931Z,"13 km SW of ?funato, Japan",earthquake,,,,6,reviewed,us,us
2004-06-28T02:11:59.590Z,74.078,134.559,10,4.8,mb,14,157.7,,1,us,usp000cz16,2014-11-07T01:22:42.930Z,"Laptev Sea",earthquake,,,,4,reviewed,us,us
2004-06-28T01:35:27.850Z,-17.77,-178.669,590.4,3.8,mb,19,122.3,,0.74,us,usp000cz14,2014-11-07T01:22:42.926Z,"215 km E of Levuka, Fiji",earthquake,,36,,2,reviewed,us,us
2004-06-28T01:30:59.290Z,37.026,-24.244,10,4.1,mb,32,173.8,,0.67,us,usp000cz13,2014-11-07T01:22:42.923Z,"119 km SE of Povoação, Portugal",earthquake,,,,16,reviewed,us,us
2004-06-28T00:54:05.210Z,-40.774,43.319,10,5,mwc,104,47.1,,0.9,us,usp000cz12,2016-11-10T00:38:53.874Z,"Southwest Indian Ridge",earthquake,,0,,,reviewed,us,hrv
2004-06-28T00:48:24.260Z,26.397,143.724,24.3,4.4,mb,26,66.6,,0.8,us,usp000cz11,2014-11-07T01:22:42.911Z,"Bonin Islands, Japan region",earthquake,,27,,3,reviewed,us,us
2004-06-28T00:46:40.100Z,40.841,25.989,4,3.2,ml,7,180.4,,,us,usp000cz10,2014-11-07T01:22:42.909Z,"9 km E of Alexandroupoli, Greece",earthquake,,,,,reviewed,the,the
2004-06-28T00:19:26.459Z,63.1058,-149.3441,79.6,2.9,ml,,,,0.73,ak,ak00489oulj9,2019-02-13T01:14:58.543Z,"37 km SSW of Cantwell, Alaska",earthquake,,0.3,,,reviewed,ak,ak
2004-06-27T23:46:26.430Z,-7.996,111.624,150,3.8,mb,10,136.5,,0.97,us,usp000cz0x,2014-11-07T01:22:42.903Z,"12 km NW of Trenggalek, Indonesia",earthquake,,,,2,reviewed,us,us
2004-06-27T23:40:32.200Z,17.277,-61.727,35,4.1,md,23,80.8,,0.94,us,usp000cz0w,2014-11-07T01:22:42.900Z,"19 km NNE of Piggotts, Antigua and Barbuda",earthquake,,,,,reviewed,us,rspr
2004-06-27T22:41:16.600Z,34.35,25.42,24,3.4,md,5,244.7,,,us,usp000cz0u,2014-11-07T01:22:42.898Z,"76 km SSW of Néa Anatolí, Greece",earthquake,,,,,reviewed,ath,ath
2004-06-27T22:37:17.350Z,40.923,26.091,5.5,3.8,ml,51,54.2,,,us,usp000cz0t,2014-11-07T01:22:42.893Z,"7 km WNW of Féres, Greece",earthquake,,,,,reviewed,isk,isk
2004-06-27T22:12:54.000Z,77.49,-116.04,18,4.2,mb,8,137.8,,,us,usp000cz0p,2014-11-07T01:22:42.886Z,"Prince Patrick Island, Northwest Territories, Canada",earthquake,,,,1,reviewed,ott,us
2004-06-27T21:52:55.475Z,52.2132,-170.0268,10,2.5,ml,,,,0.67,ak,ak00488e0hm3,2019-02-13T01:14:56.841Z,"Fox Islands, Aleutian Islands, Alaska",earthquake,,0,,,reviewed,ak,ak
2004-06-27T21:52:25.380Z,52.345,160.077,10,4.6,mb,100,110.5,,1.1,us,usp000cz0m,2014-11-07T01:22:42.876Z,"123 km SE of Petropavlovsk-Kamchatsky, Russia",earthquake,,,,39,reviewed,us,us
2004-06-27T21:17:52.100Z,-31.152,-70.165,124.3,2.9,md,5,212.2,,,us,usp000cz0k,2014-11-07T01:22:42.875Z,"73 km WNW of Calingasta, Argentina",earthquake,,,,,reviewed,guc,guc
2004-06-27T20:59:33.800Z,-34.689,-72.275,27.9,2.9,ml,5,261.1,,,us,usp000cz0j,2014-11-07T01:22:42.874Z,"72 km N of Constitución, Chile",earthquake,,,,,reviewed,guc,guc
2004-06-27T20:26:13.430Z,41.375,19.8,5.4,2.5,md,12,209.3,,,us,usp000cz0g,2014-11-07T01:22:42.869Z,"3 km ESE of Kamëz, Albania",earthquake,,,,,reviewed,pdg,pdg
2004-06-27T20:15:22.060Z,40.831,26.055,10,3.5,ml,5,226.2,,,us,usp000cz0f,2014-11-07T01:22:42.868Z,"12 km N of Enez, Turkey",earthquake,,,,,reviewed,the,the
2004-06-27T19:36:21.630Z,38.905,23.347,18,2.9,ml,4,221.4,,,us,usp000cz0d,2014-11-07T01:22:42.864Z,"14 km NE of Roviés, Greece",earthquake,,,,,reviewed,the,the
2004-06-27T18:50:44.440Z,40.814,26.119,10,3.6,ml,5,256.2,,,us,usp000cz0c,2014-11-07T01:22:42.863Z,"9 km SSW of Féres, Greece",earthquake,,,,,reviewed,the,the
2004-06-27T18:46:23.820Z,32.9096667,-117.6503333,14.56,2.57,ml,28,192,0.4294,0.17,ci,ci14069464,2016-04-02T19:41:51.280Z,"36km WNW of La Jolla, CA",earthquake,0.49,0.67,0.185,48,reviewed,ci,ci
2004-06-27T18:07:30.500Z,41.683,14.869,5.8,2.7,md,13,126,,,us,usp000cz0b,2014-11-07T01:22:42.861Z,"5 km E of Ripabottoni, Italy",earthquake,,,,,reviewed,rom,rom
2004-06-27T18:04:46.070Z,24.554,-109.072,10,4,mb,16,288.4,,0.99,us,usp000cz0a,2014-11-07T01:22:42.859Z,"108 km SSW of El Progreso, Mexico",earthquake,,,,4,reviewed,us,us
2004-06-27T18:03:16.700Z,42.578,13.302,11.5,2.5,md,9,84.1,,,us,usp000cz09,2014-11-07T01:22:42.857Z,"5 km S of Amatrice, Italy",earthquake,,,,,reviewed,rom,rom
2004-06-27T17:35:56.850Z,51.447,-177.525,44.9,2.9,ml,8,318.3,,,us,usp000cz08,2019-02-13T01:14:41.592Z,"77 km SW of Adak, Alaska",earthquake,,,,,reviewed,aeic,aeic
2004-06-27T17:02:34.460Z,6.709,-72.945,165.7,3.7,mb,13,170.4,,0.4,us,usp000cz06,2014-11-07T01:22:42.853Z,"5 km SSE of Cepitá, Colombia",earthquake,,6.5,,1,reviewed,us,us
2004-06-27T17:01:33.550Z,45.862,96.445,10,4.4,mb,61,72.5,,1.07,us,usp000cz05,2014-11-07T01:22:42.848Z,"58 km SSE of Altai, Mongolia",earthquake,,0,,16,reviewed,us,us
2004-06-27T16:58:25.900Z,-32.272,-69.726,130.3,2.6,md,4,250,,,us,usp000cz04,2014-11-07T01:22:42.847Z,"102 km NE of Los Andes, Chile",earthquake,,,,,reviewed,guc,guc
2004-06-27T16:26:26.370Z,40.877,25.997,4,3.8,ml,7,113.4,,,us,usp000cz00,2014-11-07T01:22:42.840Z,"10 km ENE of Alexandroupoli, Greece",earthquake,,,,,reviewed,the,the
2004-06-27T16:20:54.900Z,40.89,26.1,5,3.4,md,8,234.2,,,us,usp000cyzz,2014-11-07T01:22:42.838Z,"6 km W of Féres, Greece",earthquake,,,,,reviewed,ath,ath
2004-06-27T16:06:08.590Z,21.13,61.858,10,4.2,mb,12,195.4,,1,us,usp000cyzx,2014-11-07T01:22:42.833Z,"288 km SE of Sur, Oman",earthquake,,,,4,reviewed,us,us
2004-06-27T15:58:14.400Z,34.23,25.33,17,3.5,md,11,252.6,,,us,usp000cyzw,2014-11-07T01:22:42.831Z,"87 km S of Pýrgos, Greece",earthquake,,,,,reviewed,ath,ath
2004-06-27T15:53:50.780Z,41.764,144.058,7.2,4.7,mb,68,134.6,,0.62,us,usp000cyzv,2014-11-07T01:22:42.825Z,"137 km S of Kushiro, Japan",earthquake,,13.3,,25,reviewed,us,us
2004-06-27T15:36:53.570Z,-10.135,124.108,10,4.3,mb,17,149.5,,1.53,us,usp000cyzs,2014-11-07T01:22:42.806Z,"35 km SSW of Soe, Indonesia",earthquake,,,,5,reviewed,us,us
2004-06-27T15:31:46.790Z,40.928,26.035,7.8,4.3,mb,194,21.3,,,us,usp000cyzr,2014-11-07T01:22:42.790Z,"12 km WNW of Féres, Greece",earthquake,,,,20,reviewed,isk,us
2004-06-27T15:14:47.610Z,40.724,22.836,1,2.8,ml,7,140.5,,,us,usp000cyzq,2014-11-07T01:22:42.788Z,"2 km SSW of Pentálofos, Greece",earthquake,,,,,reviewed,the,the
2004-06-27T15:03:49.400Z,18.992,-67.517,24.9,2.6,md,4,338.2,,,us,usp000cyzp,2014-11-07T01:22:42.787Z,"70 km NW of San Antonio, Puerto Rico",earthquake,,,,,reviewed,rspr,rspr
2004-06-27T14:17:31.280Z,38.636,21.735,1,3.1,md,12,69.4,,,us,usp000cyzn,2014-11-07T01:22:42.785Z,"9 km NE of Thérmo, Greece",earthquake,,,,,reviewed,the,ath
2004-06-27T13:57:31.170Z,40.895,26.073,5.2,3.3,m,21,85.8,,,us,usp000cyzk,2014-11-07T01:22:42.780Z,"8 km W of Féres, Greece",earthquake,,,,,reviewed,isk,isk
2004-06-27T13:50:50.400Z,42.035,13.24,16,2.8,md,10,101.5,,,us,usp000cyzj,2014-11-07T01:22:42.778Z,"4 km SSW of Tagliacozzo, Italy",earthquake,,,,,reviewed,rom,rom
2004-06-27T13:39:34.900Z,-30.942,-69.917,145.3,3.3,md,9,235.5,,,us,usp000cyzh,2014-11-07T01:22:42.710Z,"64 km NW of Calingasta, Argentina",earthquake,,,,,reviewed,guc,guc
2004-06-27T13:06:45.500Z,71.328,-9.064,10,3.1,md,4,173.7,,,us,usp000cyzf,2014-11-07T01:22:42.493Z,"46 km NNW of Olonkinbyen, Svalbard and Jan Mayen",earthquake,,,,,reviewed,ber,ber
2004-06-27T13:02:15.100Z,71.312,-9.178,10,3.7,md,12,152.9,,1,us,usp000cyze,2014-11-07T01:22:42.483Z,"46 km NNW of Olonkinbyen, Svalbard and Jan Mayen",earthquake,,0,,,reviewed,us,ber
2004-06-27T12:51:50.350Z,-40.921,43.306,10,5.3,mwc,337,38,,0.94,us,usp000cyzd,2025-12-19T23:13:30.707Z,"Southwest Indian Ridge",earthquake,,,,,reviewed,us,hrv
2004-06-27T12:45:52.400Z,35.41,27.02,2,3.4,md,7,196.3,,,us,usp000cyzc,2014-11-07T01:22:42.338Z,"8 km E of Fry, Greece",earthquake,,,,,reviewed,ath,ath
2004-06-27T12:44:39.569Z,60.8534,-150.9471,50.1,3.3,ml,,,,0.77,ak,ak004888lu7o,2019-02-13T01:14:40.855Z,"16 km WSW of Point Possession, Alaska",earthquake,,0.2,,,reviewed,ak,ak
2004-06-27T12:27:52.680Z,-5.576,35.773,10,3.7,mb,7,138.5,,1.13,us,usp000cyza,2014-11-07T01:22:42.330Z,"59 km NNW of Msanga, Tanzania",earthquake,,,,1,reviewed,us,us
2004-06-27T12:11:35.600Z,-30.788,-71.417,39.7,4,md,6,234.7,,,us,usp000cyz9,2014-11-07T01:22:42.329Z,"29 km SW of Ovalle, Chile",earthquake,,,,,reviewed,guc,guc
2004-06-27T12:07:01.490Z,41.848,23.337,4,4,ml,9,198.5,,,us,usp000cyz8,2014-11-07T01:22:42.327Z,"11 km WSW of Razlog, Bulgaria",earthquake,,,,,reviewed,the,the
2004-06-27T11:55:43.600Z,17.394,-95.181,107.2,3.7,md,4,150.2,,,us,usp000cyz7,2014-11-07T01:22:42.326Z,"1 km W of Los Ángeles, Mexico",earthquake,,,,,reviewed,unm,unm
2004-06-27T11:54:09.770Z,41.944,23.419,5,3.9,ml,72,81.4,,1.28,us,usp000cyz6,2014-11-07T01:22:42.318Z,"7 km NNW of Razlog, Bulgaria",earthquake,,,,,reviewed,us,the
2004-06-27T11:53:40.830Z,38.478,73.795,49.9,4,mb,23,145.5,,0.5,us,usp000cyz5,2014-11-07T01:22:42.315Z,"37 km NNW of Murghob, Tajikistan",earthquake,,11,,2,reviewed,us,us
2004-06-27T11:32:37.750Z,42.0795,-120.2411667,5.335,3,md,15,121,0.1828,0.23,uw,uw10615253,2016-07-23T02:07:18.620Z,"10 km NNE of New Pine Creek, Oregon",earthquake,0.996,1.93,0.05,3,reviewed,uw,uw
2004-06-27T11:16:55.412Z,57.246,-156.2234,64,3.5,ml,,,,0.71,ak,ak004887ufs5,2019-02-13T01:14:39.780Z,"Alaska Peninsula",earthquake,,0.5,,,reviewed,ak,ak
2004-06-27T11:15:28.960Z,46.05,149.347,163.2,4.6,mb,139,101,,0.81,us,usp000cyz0,2014-11-07T01:22:42.292Z,"146 km NE of Kuril’sk, Russia",earthquake,,8,,69,reviewed,us,us
2004-06-27T11:01:32.300Z,39.533,16.329,9.9,2.6,md,6,164.4,,,us,usp000cyyy,2014-11-07T01:22:42.289Z,"1 km S of Santa Sofia d'Epiro, Italy",earthquake,,,,,reviewed,rom,rom
2004-06-27T10:40:25.400Z,35.14,27.25,5,3.7,md,18,196.6,,,us,usp000cyyv,2014-11-07T01:22:42.283Z,"40 km S of Karpathos, Greece",earthquake,,,,,reviewed,ath,ath
2004-06-27T10:37:44.900Z,18.855,-67.477,25,3.1,md,6,314.1,,,us,usp000cyyu,2014-11-07T01:22:42.281Z,"56 km NW of San Antonio, Puerto Rico",earthquake,,,,,reviewed,rspr,rspr
2004-06-27T10:00:43.140Z,13.694,-91.069,10,4.1,mb,36,183.5,,1.18,us,usp000cyyt,2014-11-07T01:22:42.278Z,"37 km SW of Puerto San José, Guatemala",earthquake,,,,13,reviewed,us,us
2004-06-27T10:00:01.300Z,44.038,149.617,47.8,4.5,mb,22,136.1,,0.74,us,usp000cyys,2014-11-07T01:22:42.275Z,"191 km SE of Kuril’sk, Russia",earthquake,,,,5,reviewed,us,us
2004-06-27T09:28:58.970Z,50.444,87.748,10,3.6,mb,13,202.1,,0.99,us,usp000cyyr,2014-11-07T01:22:42.273Z,"16 km N of Aktash, Russia",earthquake,,,,1,reviewed,us,us
2004-06-27T09:18:20.600Z,-32.323,-71.416,44.1,4.1,md,19,178.8,,,us,usp000cyyq,2014-11-07T01:22:42.270Z,"22 km NW of La Ligua, Chile",earthquake,,,,,reviewed,guc,guc
2004-06-27T08:59:46.320Z,-17.684,-178.735,520.4,4,mb,23,122.3,,1.09,us,usp000cyyp,2014-11-07T01:22:42.266Z,"210 km ENE of Levuka, Fiji",earthquake,,47.2,,2,reviewed,us,us
2004-06-27T08:52:10.300Z,28.089,130.031,15.1,4.7,mb,49,135.1,,0.74,us,usp000cyyn,2014-11-07T01:22:42.261Z,"61 km ESE of Naze, Japan",earthquake,,15.1,,12,reviewed,us,us
2004-06-27T08:36:55.410Z,42.0803333,-120.2445,5.725,2.6,md,13,120,0.183,0.13,uw,uw10615228,2016-07-23T02:07:18.000Z,"10 km NNE of New Pine Creek, Oregon",earthquake,0.707,1.12,0.05,3,reviewed,uw,uw
2004-06-27T08:19:39.810Z,38.794,21.736,10,2.8,ml,4,200.9,,,us,usp000cyyk,2014-11-07T01:22:42.258Z,"14 km SSW of Karpenísi, Greece",earthquake,,,,,reviewed,the,the
2004-06-27T07:46:38.070Z,19.815,-71.849,47.8,4.3,mb,42,62.7,,1.13,us,usp000cyyj,2014-11-07T01:22:42.254Z,"16 km NNE of Phaëton, Haiti",earthquake,,10.8,,7,reviewed,us,us
2004-06-27T07:42:18.330Z,42.0406667,-120.1956667,13.625,2.7,md,15,138,0.1596,0.58,uw,uw10615218,2016-07-23T02:07:17.560Z,"9 km ENE of New Pine Creek, Oregon",earthquake,1.974,3.26,0.06,3,reviewed,uw,uw
2004-06-27T07:29:36.970Z,19.595,-68.234,25,3.7,md,10,334.6,,,us,usp000cyyg,2014-11-07T01:22:42.250Z,"109 km NE of Miches, Dominican Republic",earthquake,,,,,reviewed,rspr,rspr
2004-06-27T07:03:16.000Z,42.0741667,-120.2421667,8.815,3.2,md,19,121,,0.5,uw,uw10615203,2016-07-23T02:07:16.070Z,"9 km NNE of New Pine Creek, Oregon",earthquake,1.857,2.82,0.05,0,reviewed,uw,uw
2004-06-27T07:00:14.870Z,42.0916667,-120.2455,9.995,3.9,md,18,118,,0.29,uw,uw10615158,2022-06-18T09:05:08.972Z,"11 km NNE of New Pine Creek, Oregon",earthquake,0.078,0.09,0.05,0,reviewed,uw,uw
2004-06-27T06:08:51.990Z,-9.024,158.569,46.9,4.4,mb,18,128,,1.19,us,usp000cyyd,2014-11-07T01:22:42.239Z,"146 km WNW of Malango, Solomon Islands",earthquake,,38.8,,1,reviewed,us,us
2004-06-27T06:04:01.560Z,54.917,-140.136,12,3.5,ml,12,281.8,,,us,usp000cyyc,2019-02-13T01:14:46.500Z,"West of the Queen Charlotte Islands",earthquake,,,,,reviewed,aeic,aeic
2004-06-27T05:27:46.960Z,11.448,-87.732,25.2,4.7,mb,101,138.7,,0.99,us,usp000cyyb,2014-11-07T01:22:42.227Z,"129 km SSW of Corinto, Nicaragua",earthquake,,,,48,reviewed,us,us
2004-06-27T05:20:43.800Z,-38.69,177.9,14,3.9,ml,20,183.4,,,us,usp000cyy8,2014-11-07T01:22:42.221Z,"9 km WSW of Gisborne, New Zealand",earthquake,,,,,reviewed,wel,wel
2004-06-27T05:18:08.980Z,-5.476,147.979,141.5,4.7,mb,12,153.9,,1.04,us,usp000cyy7,2014-11-07T01:22:42.219Z,"120 km N of Finschhafen, Papua New Guinea",earthquake,,40.6,,2,reviewed,us,us
2004-06-27T04:41:09.140Z,55.346,162.414,10,4.4,mb,21,136.8,,0.88,us,usp000cyy6,2014-11-07T01:22:42.217Z,"98 km S of Ust’-Kamchatsk Staryy, Russia",earthquake,,,,3,reviewed,us,us
2004-06-27T04:25:32.140Z,41.614,23.708,6,3.1,ml,9,225.8,,,us,usp000cyy5,2014-11-07T01:22:42.215Z,"5 km NNW of Gotse Delchev, Bulgaria",earthquake,,,,,reviewed,the,the
2004-06-27T03:58:43.020Z,51.401,-176.634,21.7,2.8,ml,8,253.1,,,us,usp000cyy3,2019-02-13T01:14:38.189Z,"52 km S of Adak, Alaska",earthquake,,,,,reviewed,aeic,aeic
2004-06-27T03:56:22.300Z,-32.336,-71.432,43.4,4.4,mb,54,115.7,,,us,usp000cyy2,2014-11-07T01:22:42.206Z,"22 km NW of La Ligua, Chile",earthquake,,,,5,reviewed,guc,us
2004-06-27T03:50:14.240Z,33.752,25.079,10,3.5,md,14,267.8,,1.47,us,usp000cyy0,2014-11-07T01:22:42.202Z,"139 km S of Pýrgos, Greece",earthquake,,,,,reviewed,us,ath
2004-06-27T03:24:42.550Z,42.0741667,-120.2435,9.815,3.2,md,17,121,,0.28,uw,uw10615068,2016-07-23T02:07:14.240Z,"9 km NNE of New Pine Creek, Oregon",earthquake,0.092,0.11,0.06,0,reviewed,uw,uw
2004-06-27T02:30:00.050Z,60.4889,-147.4504,8,3.4,ml,,,,0.7,ak,ak004882kf39,2019-02-13T01:14:37.473Z,"56 km NNE of Chenega, Alaska",earthquake,,0.3,,,reviewed,ak,ak
2004-06-27T02:08:47.250Z,19.8141667,-155.0751667,34.332,2.65,ml,36,218,,0.12,hv,hv5377437,2020-03-31T21:10:54.750Z,"3 km NNE of P?pa‘ikou, Hawaii",earthquake,0.74,1.19,0.2,8,reviewed,hv,hv
2004-06-27T01:56:58.300Z,35.23,27.17,15,3.9,md,44,162.8,,,us,usp000cyxs,2014-11-07T01:22:42.181Z,"30 km SE of Fry, Greece",earthquake,,,,,reviewed,ath,ath
2004-06-27T01:29:34.990Z,50.978,159.05,32.9,4.8,mb,127,97.3,,1.1,us,usp000cyxq,2014-11-07T01:22:42.167Z,"187 km ESE of Ozernovskiy, Russia",earthquake,,5.9,,47,reviewed,us,us
2004-06-27T01:14:53.870Z,-19.759,-174.457,53.4,4.7,mb,68,119.1,,0.92,us,usp000cyxp,2014-11-07T01:22:42.157Z,"12 km WNW of Pangai, Tonga",earthquake,,,,18,reviewed,us,us
2004-06-27T01:02:16.296Z,67.5958,-142.4467,14.1,2.9,ml,,,,1.33,ak,ak004881t0ot,2019-02-13T01:14:42.758Z,"118 km NNE of Chalkyitsik, Alaska",earthquake,,56.7,,,reviewed,ak,ak
2004-06-27T00:41:38.360Z,55.297,162.388,10,4.5,mb,20,136.8,,0.64,us,usp000cyxm,2014-11-07T01:22:42.153Z,"103 km S of Ust’-Kamchatsk Staryy, Russia",earthquake,,,,3,reviewed,us,us
2004-06-27T00:16:47.200Z,-32.689,-71.853,15,2.5,ml,6,258.5,,,us,usp000cyxj,2014-11-07T01:22:42.150Z,"43 km NNW of Valparaíso, Chile",earthquake,,,,,reviewed,guc,guc
2004-06-26T23:56:48.940Z,10.889,94.541,10,4,mb,15,135.2,,1.24,us,usp000cyxg,2014-11-07T01:22:42.147Z,"213 km ESE of Port Blair, India",earthquake,,,,2,reviewed,us,us
2004-06-26T23:45:49.290Z,11.051,95.103,10,5,mwc,50,176.7,,0.94,us,usp000cyxe,2025-12-19T22:37:53.788Z,"266 km ESE of Port Blair, India",earthquake,,,,,reviewed,us,hrv
2004-06-26T23:45:40.050Z,-2.183,138.015,10,4.1,mb,17,114.8,,0.94,us,usp000cyxd,2014-11-07T01:22:42.137Z,"242 km ESE of Biak, Indonesia",earthquake,,,,3,reviewed,us,us
2004-06-26T23:44:15.670Z,11.275,94.296,10,4.8,mb,65,117.2,,1.27,us,usp000cyxc,2014-11-07T01:22:42.131Z,"174 km ESE of Port Blair, India",earthquake,,,,21,reviewed,us,us
2004-06-26T23:44:05.390Z,11.064,94.417,10,4.5,mb,26,174.3,,1.25,us,usp000cyxb,2014-11-07T01:22:42.129Z,"194 km ESE of Port Blair, India",earthquake,,,,4,reviewed,us,us
2004-06-26T23:39:38.260Z,12.671,93.925,10,4.1,mb,8,269.4,,1.42,us,usp000cyx9,2014-11-07T01:22:42.125Z,"169 km NE of Port Blair, India",earthquake,,,,1,reviewed,us,us
2004-06-26T23:29:53.690Z,11.443,94.933,10,4.2,mb,16,187.4,,1.18,us,usp000cyx8,2014-11-07T01:22:42.123Z,"239 km E of Port Blair, India",earthquake,,,,3,reviewed,us,us
2004-06-26T22:50:16.170Z,40.499,5.693,0,3.9,ml,135,137.7,,,us,usp000cyx6,2014-11-07T01:22:42.110Z,"137 km ENE of Es Castell, Spain",earthquake,,,,,reviewed,mdd,str
2004-06-26T22:21:59.130Z,40.37,26.103,11,3.4,ml,7,240.5,,,us,usp000cyx5,2014-11-07T01:22:42.109Z,"24 km NE of Gökçeada, Turkey",earthquake,,,,,reviewed,the,the
2004-06-26T22:13:04.410Z,38.395,22.049,10,3.2,ml,22,75.1,,,us,usp000cyx4,2014-11-07T01:22:42.106Z,"11 km NNE of Kamárai, Greece",earthquake,,,,,reviewed,the,the
2004-06-26T21:47:52.350Z,15.337,119.301,70.6,4.7,mb,26,122.4,,1.09,us,usp000cyx1,2014-11-07T01:22:42.100Z,"65 km W of Palauig, Philippines",earthquake,,12.7,,8,reviewed,us,us
2004-06-26T21:26:45.680Z,55.11,162.599,45.8,4.5,mb,85,74.7,,0.73,us,usp000cywz,2014-11-07T01:22:42.089Z,"124 km S of Ust’-Kamchatsk Staryy, Russia",earthquake,,6.6,,33,reviewed,us,us
2004-06-26T21:17:41.340Z,50.656,159.073,20.6,4,mb,11,164.5,,0.93,us,usp000cywy,2014-11-07T01:22:42.087Z,"203 km ESE of Ozernovskiy, Russia",earthquake,,30.9,,2,reviewed,us,us
2004-06-26T20:54:23.190Z,40.3178333,-123.721,21.082,2.99,md,19,75,0.1162,0.06,nc,nc21373160,2017-01-07T16:40:22.270Z,"12 km NE of Miranda, California",earthquake,0.24,0.34,0.14,31,reviewed,nc,nc
2004-06-26T20:34:00.580Z,55.096,162.621,46,4.4,mb,25,136.9,,0.79,us,usp000cywv,2014-11-07T01:22:42.079Z,"126 km S of Ust’-Kamchatsk Staryy, Russia",earthquake,,16.9,,4,reviewed,us,us
2004-06-26T19:43:25.570Z,37.57,141.497,47.2,4.8,mb,120,125.3,,0.76,us,usp000cywt,2014-11-07T01:22:41.944Z,"44 km ENE of Namie, Japan",earthquake,,,,47,reviewed,us,us
2004-06-26T19:23:36.480Z,36.536,71.084,160,4.7,mb,19,195.9,,1.11,us,usp000cywp,2014-11-07T01:22:41.911Z,"42 km SSE of Jurm, Afghanistan",earthquake,,,,5,reviewed,us,us
2004-06-26T19:06:20.860Z,55.124,162.458,59.4,4.6,mb,77,101.1,,0.94,us,usp000cywm,2014-11-07T01:22:41.903Z,"122 km S of Ust’-Kamchatsk Staryy, Russia",earthquake,,8.1,,28,reviewed,us,us
2004-06-26T19:04:38.740Z,55.111,162.48,45.3,4.6,mb,112,101.2,,0.89,us,usp000cywk,2014-11-07T01:22:41.895Z,"124 km S of Ust’-Kamchatsk Staryy, Russia",earthquake,,7,,40,reviewed,us,us
2004-06-26T18:46:50.473Z,59.9757,-151.7196,44.8,4.4,mb,,,,0.99,ak,ak00486onjmf,2019-02-13T01:14:23.361Z,"Kenai Peninsula, Alaska",earthquake,,0.1,,,reviewed,ak,ak
2004-06-26T18:40:51.790Z,46.362,152.911,64.4,4.5,mb,75,102.6,,0.85,us,usp000cywg,2014-11-07T01:22:41.875Z,"Kuril Islands",earthquake,,9.1,,33,reviewed,us,us
2004-06-26T18:30:19.890Z,55.023,162.78,60.4,4.1,mb,9,127.2,,0.8,us,usp000cywe,2014-11-07T01:22:41.873Z,"135 km S of Ust’-Kamchatsk Staryy, Russia",earthquake,,25,,1,reviewed,us,us
2004-06-26T18:23:59.560Z,37.272,28.537,10,4,mb,107,54,,,us,usp000cywd,2014-11-07T01:22:41.802Z,"16 km ENE of Mu?la, Turkey",earthquake,,,,20,reviewed,the,us
2004-06-26T18:22:00.380Z,-21.299,-68.61,116.2,3.5,mb,5,173.3,,0.71,us,usp000cywc,2014-11-07T01:22:41.801Z,"132 km NNE of Calama, Chile",earthquake,,14.4,,1,reviewed,us,us
2004-06-26T18:16:37.870Z,-3.599,141.777,60,4,mb,7,180.6,,0.86,us,usp000cywb,2014-11-07T01:22:41.800Z,"81 km SW of Aitape, Papua New Guinea",earthquake,,,,1,reviewed,us,us
2004-06-26T17:54:45.990Z,55.029,162.609,55.5,4.5,mb,33,125.4,,1.09,us,usp000cyw9,2014-11-07T01:22:41.796Z,"133 km S of Ust’-Kamchatsk Staryy, Russia",earthquake,,12.4,,4,reviewed,us,us
2004-06-26T17:53:24.800Z,38.65,21.56,3,3.2,md,9,69.8,,,us,usp000cyw8,2014-11-07T01:22:41.794Z,"5 km NE of Paravóla, Greece",earthquake,,,,,reviewed,ath,ath
2004-06-26T17:07:36.300Z,46.6,10.9,10,2.9,ml,64,58.4,,,us,usp000cyw6,2014-11-07T01:22:41.787Z,"3 km S of Castelbello-Ciardes - Kastelbell-Tschars, Italy",earthquake,,,,,reviewed,zur,zamg
2004-06-26T16:31:59.540Z,-3.873,128.966,10,4.2,mb,12,166.7,,1.12,us,usp000cyw4,2014-11-07T01:22:41.784Z,"59 km S of Amahai, Indonesia",earthquake,,,,1,reviewed,us,us
2004-06-26T16:07:02.420Z,51.428,16.068,5,2.9,ml,15,168.1,,0.87,us,usp000cyw3,2014-11-07T01:22:41.781Z,"8 km S of Polkowice, Poland",earthquake,,,,,reviewed,us,zamg
2004-06-26T16:01:40.200Z,16.198,-98.881,9.9,3.6,md,8,226.3,,,us,usp000cyw2,2014-11-07T01:22:41.780Z,"37 km SSW of Barra de Tecoanapa, Mexico",earthquake,,,,,reviewed,unm,unm
2004-06-26T15:45:58.870Z,38.526,21.601,7,3.2,md,9,93.7,,,us,usp000cyw1,2014-11-07T01:22:41.778Z,"6 km E of Gavaloú, Greece",earthquake,,,,,reviewed,the,ath
2004-06-26T15:36:48.300Z,55.185,112.933,10,4.5,mb,17,120.4,,0.97,us,usp000cyw0,2014-11-07T01:22:41.776Z,"94 km NNW of Bagdarin, Russia",earthquake,,,,1,reviewed,us,us
2004-06-26T15:29:34.760Z,19.399,-65.48,54.2,3.7,md,12,272.4,,,us,usp000cyvz,2014-11-07T01:22:41.774Z,"114 km NNE of Vieques, Puerto Rico",earthquake,,,,,reviewed,rspr,rspr
2004-06-26T15:27:25.900Z,-27.722,-71.36,50,3.8,md,4,253.3,,,us,usp000cyvx,2014-11-07T01:22:41.771Z,"108 km WSW of Copiapó, Chile",earthquake,,,,,reviewed,guc,guc
2004-06-26T15:05:05.460Z,50.14,178.657,19.9,3.5,ml,7,245.6,,,us,usp000cyvw,2019-02-13T01:14:34.130Z,"Rat Islands, Aleutian Islands, Alaska",earthquake,,,,,reviewed,aeic,aeic
2004-06-26T15:00:23.730Z,55.066,162.661,43.3,4.5,mb,33,74.9,,1.15,us,usp000cyvv,2014-11-07T01:22:41.767Z,"129 km S of Ust’-Kamchatsk Staryy, Russia",earthquake,,11.4,,4,reviewed,us,us
2004-06-26T14:13:39.810Z,27.534,141.589,68.9,4.8,mb,123,63.5,,0.72,us,usp000cyvr,2014-11-07T01:22:41.752Z,"Bonin Islands, Japan region",earthquake,,7.1,,40,reviewed,us,us
2004-06-26T13:52:28.470Z,55.172,162.755,36.4,4.3,mb,16,100.3,,0.92,us,usp000cyvj,2014-11-07T01:22:41.744Z,"118 km S of Ust’-Kamchatsk Staryy, Russia",earthquake,,15.8,,3,reviewed,us,us
2004-06-26T13:47:11.960Z,55.161,162.592,62.5,4.5,mb,56,112.1,,0.88,us,usp000cyvh,2014-11-07T01:22:41.739Z,"118 km S of Ust’-Kamchatsk Staryy, Russia",earthquake,,11.1,,12,reviewed,us,us
2004-06-26T13:45:01.410Z,55.125,162.597,43.9,4.6,mb,88,74.5,,0.85,us,usp000cyvf,2014-11-07T01:22:41.729Z,"123 km S of Ust’-Kamchatsk Staryy, Russia",earthquake,,6.9,,25,reviewed,us,us
2004-06-26T13:44:47.860Z,-26.525,-177.296,111.2,4.7,mb,32,90,,1.17,us,usp000cyve,2014-11-07T01:22:41.726Z,"south of the Fiji Islands",earthquake,,,,4,reviewed,us,us
2004-06-26T13:27:06.900Z,51.591,16.052,5,2.9,ml,10,249.1,,0.55,us,usp000cyvd,2014-11-07T01:22:41.723Z,"7 km ENE of Radwanice, Poland",earthquake,,,,,reviewed,us,zamg
2004-06-26T13:26:46.010Z,53.485,-165.786,51,4.4,mb,130,155.8,,0.99,us,usp000cyvc,2019-02-13T01:14:22.707Z,"65 km SE of Unalaska, Alaska",earthquake,,3.2,,30,reviewed,us,us
2004-06-26T12:59:39.510Z,-14.664,174.498,640.4,4.6,mb,35,71.4,,0.99,us,usp000cyv8,2014-11-07T01:22:41.704Z,"Fiji region",earthquake,,23.4,,5,reviewed,us,us
2004-06-26T12:50:28.840Z,29.085,-16.284,58.8,3.8,m,6,276.4,,,us,usp000cyv7,2014-11-07T01:22:41.702Z,"63 km N of Tegueste, Spain",earthquake,,,,,reviewed,mdd,mdd
2004-06-26T12:39:33.480Z,38.319,74.328,139,4.6,mb,19,179.7,,1.15,us,usp000cyv6,2014-11-07T01:22:41.699Z,"35 km ENE of Murghob, Tajikistan",earthquake,,,,6,reviewed,us,us
2004-06-26T12:30:37.400Z,16.165,-98.924,21.9,4.1,md,17,203,,,us,usp000cyv5,2014-11-07T01:22:41.697Z,"43 km SSW of Barra de Tecoanapa, Mexico",earthquake,,,,,reviewed,unm,unm
2004-06-26T12:18:16.843Z,60.4843,-150.9052,43.2,2.7,ml,,,,0.6,ak,ak00486kwvck,2019-02-13T01:14:22.031Z,"8 km WSW of Funny River, Alaska",earthquake,,0.1,,,reviewed,ak,ak
2004-06-26T12:06:03.500Z,42.1031667,-120.2563333,8.108,2.51,md,10,148,1.087,0.16,uw,uw10614728,2016-07-23T02:07:09.520Z,"12 km SE of Lakeview, Oregon",earthquake,1.12,31.61,0.157,13,reviewed,uw,uw
2004-06-26T11:53:33.450Z,-49.738,125.457,10,4.3,mb,11,135.5,,0.63,us,usp000cyv3,2014-11-07T01:22:41.691Z,"western Indian-Antarctic Ridge",earthquake,,,,1,reviewed,us,us
2004-06-26T11:41:13.700Z,-35.044,-71.836,68.8,3.4,md,17,152.4,,,us,usp000cyv1,2014-11-07T01:22:41.688Z,"45 km NNW of Talca, Chile",earthquake,,,,,reviewed,guc,guc
2004-06-26T11:06:17.900Z,41.149,15.148,10,3,md,14,62.3,,,us,usp000cyuz,2014-11-07T01:22:41.685Z,"3 km NNW of Villanova del Battista, Italy",earthquake,,,,,reviewed,rom,rom
2004-06-26T10:31:05.600Z,35.5,23.76,5,3.6,md,11,161.3,,,us,usp000cyux,2014-11-07T01:22:41.681Z,"4 km SSW of Kolympári, Greece",earthquake,,,,,reviewed,ath,ath
2004-06-26T10:14:06.820Z,55.028,162.613,57.4,4.4,mb,52,121.2,,0.84,us,usp000cyuu,2014-11-07T01:22:41.673Z,"133 km S of Ust’-Kamchatsk Staryy, Russia",earthquake,,9.3,,12,reviewed,us,us
2004-06-26T10:11:16.550Z,55.1,162.569,44.3,4.5,mb,43,120.9,,0.84,us,usp000cyut,2014-11-07T01:22:41.669Z,"near the east coast of the Kamchatka Peninsula, Russia",earthquake,,,,7,reviewed,us,us
2004-06-26T09:50:06.170Z,55.038,162.607,49.9,4.6,mb,45,75.3,,0.91,us,usp000cyus,2014-11-07T01:22:41.664Z,"132 km S of Ust’-Kamchatsk Staryy, Russia",earthquake,,,,7,reviewed,us,us
2004-06-26T09:46:53.230Z,27.292,66.261,10,4.4,mb,13,196.1,,0.88,us,usp000cyur,2014-11-07T01:22:41.662Z,"Pakistan",earthquake,,,,1,reviewed,us,us
2004-06-26T09:43:09.440Z,-17.169,-174.373,54.9,4.6,mb,12,134.8,,1.13,us,usp000cyuq,2014-11-07T01:22:41.660Z,"Tonga",earthquake,,52.4,,1,reviewed,us,us
2004-06-26T09:19:29.950Z,36.741,-7.218,17.6,4,m,11,261.9,,,us,usp000cyup,2014-11-07T01:22:41.657Z,"51 km S of Islantilla, Spain",earthquake,,,,,reviewed,mdd,mdd
2004-06-26T08:49:49.960Z,52.502,-163.55,56.6,2.5,ml,7,278.6,,,us,usp000cyun,2019-02-13T01:14:30.129Z,"234 km SE of Akutan, Alaska",earthquake,,,,,reviewed,aeic,aeic
2004-06-26T08:40:15.012Z,52.1137,-170.9814,21.4,2.5,ml,,,,0.73,ak,ak00486inujh,2019-02-13T01:14:29.844Z,"170 km WSW of Nikolski, Alaska",earthquake,,202,,,reviewed,ak,ak
2004-06-26T08:35:57.300Z,19.384,-155.2443333,2.546,2.52,ml,30,59,,0.08,hv,hv5377244,2020-03-31T21:10:53.170Z,"6 km S of Volcano, Hawaii",earthquake,0.23,0.24,0.19,7,reviewed,hv,hv
2004-06-26T08:34:42.090Z,-5.788,102.041,32,4.8,mwc,41,87.6,,0.85,us,usp000cyuk,2016-11-10T00:38:43.400Z,"221 km S of Bengkulu, Indonesia",earthquake,,,,,reviewed,us,hrv
2004-06-26T08:12:04.890Z,-1.826,-12.994,10,4.7,mb,13,126.4,,1.05,us,usp000cyuh,2014-11-07T01:22:41.646Z,"north of Ascension Island",earthquake,,,,1,reviewed,us,us
2004-06-26T07:57:57.400Z,55.045,162.71,30,4.3,mb,13,101.4,,1.05,us,usp000cyug,2014-11-07T01:22:41.645Z,"132 km S of Ust’-Kamchatsk Staryy, Russia",earthquake,,,,1,reviewed,us,us
2004-06-26T07:57:13.800Z,-31.58,-68.654,150,3.4,md,4,294.3,,,us,usp000cyuf,2014-11-07T01:22:41.644Z,"8 km ESE of Villa Basilio Nievas, Argentina",earthquake,,,,,reviewed,guc,guc
2004-06-26T07:49:26.920Z,-15.983,-174.788,170,4.2,mb,22,123.5,,1.03,us,usp000cyud,2014-11-07T01:22:41.640Z,"106 km W of Hihifo, Tonga",earthquake,,,,4,reviewed,us,us
2004-06-26T07:38:54.950Z,36.458,3.541,10,3.2,ml,12,150.6,,0.79,us,usp000cyuc,2014-11-07T01:22:41.638Z,"12 km SSW of Lakhdaria, Algeria",earthquake,,,,,reviewed,us,alg
2004-06-26T07:11:39.000Z,-6.505,129.857,166.6,5,mwc,50,93.1,,0.8,us,usp000cyub,2016-11-10T00:38:42.820Z,"Banda Sea",earthquake,,,,,reviewed,us,hrv
2004-06-26T07:05:00.880Z,-10.727,165.412,10,4.4,mb,12,111.1,,1.15,us,usp000cyua,2014-11-07T01:22:41.631Z,"42 km W of Lata, Solomon Islands",earthquake,,,,2,reviewed,us,us
2004-06-26T06:56:56.400Z,18.714,145.904,207.5,4.6,mb,12,149.4,,1.05,us,usp000cyu9,2014-11-07T01:22:41.629Z,"Pagan region, Northern Mariana Islands",earthquake,,14.4,,2,reviewed,us,us
2004-06-26T06:46:50.000Z,-23.977,-179.771,506.3,4.1,mb,17,122.1,,0.84,us,usp000cyu8,2014-11-07T01:22:41.627Z,"south of the Fiji Islands",earthquake,,30.5,,3,reviewed,us,us
2004-06-26T06:16:08.840Z,-22.887,-176.702,107.9,4.8,mb,21,164.2,,1.05,us,usp000cyu7,2014-11-07T01:22:41.624Z,"244 km SW of Vaini, Tonga",earthquake,,47.2,,3,reviewed,us,us
2004-06-26T06:11:00.040Z,35.5503333,-121.2893333,-0.228,2.53,md,36,195,0.1595,0.12,nc,nc21373006,2017-01-07T16:37:33.920Z,"13 km SW of San Simeon, California",earthquake,0.5,2.5,0.16,32,reviewed,nc,nc
2004-06-26T06:02:35.220Z,49.967,154.918,117.3,4.1,mb,18,226.8,,1.05,us,usp000cyu6,2014-11-07T01:22:41.622Z,"116 km SW of Severo-Kuril’sk, Russia",earthquake,,18.9,,2,reviewed,us,us
2004-06-26T05:44:35.210Z,-31.163,-179.197,119.6,4.4,mb,15,186.5,,1.33,us,usp000cyu3,2014-11-07T01:22:41.617Z,"Kermadec Islands region",earthquake,,34.9,,2,reviewed,us,us
2004-06-26T04:52:14.670Z,52.541,-176.622,217.9,4.1,mb,40,84.9,,,us,usp000cyu1,2019-02-13T01:14:19.639Z,"Andreanof Islands, Aleutian Islands, Alaska",earthquake,,,,10,reviewed,aeic,us
2004-06-26T04:49:20.590Z,40.652,21.493,8,2.5,ml,5,167.9,,,us,usp000cyu0,2014-11-07T01:22:41.609Z,"7 km N of Léchovo, Greece",earthquake,,,,,reviewed,the,the
2004-06-26T04:04:36.180Z,9.605,58.013,10,4.7,mb,29,128,,1.11,us,usp000cyty,2014-11-07T01:22:41.605Z,"Carlsberg Ridge",earthquake,,,,7,reviewed,us,us
2004-06-26T03:04:03.920Z,40.8173333,-123.5871667,25.906,2.81,md,24,72,0.1243,0.05,nc,nc21372996,2017-01-07T16:37:10.896Z,"8 km SW of Trinity Village, California",earthquake,0.26,0.71,0.19,26,reviewed,nc,nc
2004-06-26T02:59:28.540Z,30.038,88.052,56.8,4.2,mb,26,88.7,,0.91,us,usp000cytu,2014-11-07T01:22:41.598Z,"118 km NW of Rikaze, China",earthquake,,8.8,,2,reviewed,us,us
2004-06-26T02:22:28.530Z,51.685,176.138,25.7,3.6,ml,8,207.3,,,us,usp000cyts,2019-02-13T01:14:25.904Z,"239 km SE of Attu Station, Alaska",earthquake,,,,,reviewed,aeic,aeic
2004-06-26T01:52:34.510Z,70.019,-15.472,10,4.2,mb,6,188.5,,0.89,us,usp000cytq,2014-11-07T01:22:41.594Z,"271 km WSW of Olonkinbyen, Svalbard and Jan Mayen",earthquake,,,,1,reviewed,us,us
2004-06-26T01:46:35.650Z,34.935,-4.268,49.4,3.3,m,9,286.5,,,us,usp000cytp,2014-11-07T01:22:41.592Z,"4 km E of Targuist, Morocco",earthquake,,,,,reviewed,mdd,mdd
2004-06-26T01:08:06.700Z,-28.186,-71.595,50,4.2,md,6,213.9,,,us,usp000cytj,2014-11-07T01:22:41.586Z,"92 km WNW of Vallenar, Chile",earthquake,,,,,reviewed,guc,guc
2004-06-26T01:00:47.010Z,-5.739,102.083,32.5,4.7,mb,27,143.8,,0.9,us,usp000cyth,2014-11-07T01:22:41.582Z,"215 km S of Bengkulu, Indonesia",earthquake,,,,5,reviewed,us,us
2004-06-26T00:20:47.600Z,35.51,26.47,31,3.4,md,15,139.3,,,us,usp000cytg,2014-11-07T01:22:41.580Z,"39 km NNE of Palekastro, Greece",earthquake,,,,,reviewed,ath,ath
2004-06-26T00:12:36.030Z,-5.531,146.98,165.2,4.4,mb,8,154.2,,0.18,us,usp000cytf,2014-11-07T01:22:41.579Z,"131 km N of Lae, Papua New Guinea",earthquake,,20.8,,1,reviewed,us,us
2004-06-26T00:12:13.540Z,36.9146667,-121.6565,8.693,3.02,ml,82,39,0.01712,0.09,nc,nc21372968,2017-01-07T16:36:18.870Z,"3 km NNW of Aromas, California",earthquake,0.16,0.33,,12,automatic,nc,nc
2004-06-25T23:58:25.950Z,-25.172,179.663,522.2,4,mb,19,191.3,,0.99,us,usp000cytc,2014-11-07T01:22:41.573Z,"south of the Fiji Islands",earthquake,,33.7,,1,reviewed,us,us
2004-06-25T23:23:50.110Z,37.22,2.241,10,3.1,ml,17,125.3,,0.55,us,usp000cyt9,2014-11-07T01:22:41.566Z,"72 km NNW of Tipasa, Algeria",earthquake,,,,,reviewed,us,alg
2004-06-25T23:10:28.660Z,51.498,-170.678,47.3,3.1,ml,6,350.9,,,us,usp000cyt5,2019-02-13T01:14:18.732Z,"202 km SW of Nikolski, Alaska",earthquake,,,,,reviewed,aeic,aeic
2004-06-25T23:06:25.900Z,-10.826,165.48,74.7,4.4,mb,14,74.4,,0.81,us,usp000cyt3,2014-11-07T01:22:41.556Z,"36 km WSW of Lata, Solomon Islands",earthquake,,55.4,,1,reviewed,us,us
2004-06-25T23:03:39.300Z,39.682,15.475,5,3,md,11,139.5,,,us,usp000cyt2,2014-11-07T01:22:41.554Z,"29 km W of Diamante, Italy",earthquake,,,,,reviewed,rom,rom
2004-06-25T22:16:31.175Z,61.8808,-150.4789,59.4,3.4,ml,,,,0.79,ak,ak004853bgkt,2019-02-13T01:14:08.615Z,"27 km WNW of Willow, Alaska",earthquake,,0.3,,,reviewed,ak,ak
2004-06-25T22:05:00.900Z,-32.262,-71.589,58.3,2.8,md,8,205.7,,,us,usp000cysx,2014-11-07T01:22:41.538Z,"39 km WNW of La Ligua, Chile",earthquake,,,,,reviewed,guc,guc
2004-06-25T21:48:31.560Z,46.629,-121.8958333,-1.029,3.9,md,92,24,0.1354,0.34,uw,uw10614268,2022-06-18T09:02:57.855Z,"17 km W of Packwood, Washington",earthquake,0.452,1.28,0.03,10,reviewed,uw,uw
2004-06-25T21:48:24.240Z,-21.157,-178.749,594.7,4.3,mb,25,231.7,,0.66,us,usp000cysu,2014-11-07T01:22:41.395Z,"Fiji region",earthquake,,53.3,,4,reviewed,us,us
2004-06-25T21:42:25.590Z,39.975,138.592,38.5,4.8,mb,77,132.2,,0.98,us,usp000cyst,2014-11-07T01:22:41.388Z,"117 km W of Tenn?, Japan",earthquake,,7.2,,40,reviewed,us,us
2004-06-25T21:26:52.580Z,-19.131,-174.827,211.4,4.2,mb,13,156.5,,0.49,us,usp000cysq,2014-11-07T01:22:41.383Z,"90 km NNW of Pangai, Tonga",earthquake,,74.2,,1,reviewed,us,us
2004-06-25T21:14:42.610Z,35.5515,-121.283,2.902,2.52,md,41,197,0.1577,0.09,nc,nc21372942,2017-01-07T16:35:53.245Z,"13 km SW of San Simeon, California",earthquake,0.4,0.68,0.13,39,reviewed,nc,nc
2004-06-25T20:53:02.220Z,35.277,32.197,20,2.9,ml,6,294.2,,,us,usp000cysp,2014-11-07T01:22:41.381Z,"34 km NW of Pólis, Cyprus",earthquake,,,,,reviewed,nic,nic
2004-06-25T20:47:32.130Z,36.1051667,-121.2145,4.365,2.64,md,69,72,0.1982,0.26,nc,nc21372934,2017-01-07T16:35:33.540Z,"14 km SSW of King City, California",earthquake,0.38,2.56,0.16,62,reviewed,nc,nc
2004-06-25T20:40:03.380Z,15.867,120.149,77.2,4.5,mb,36,123.1,,1.07,us,usp000cysn,2014-11-07T01:22:41.378Z,"8 km SSW of Hacienda, Philippines",earthquake,,11.7,,3,reviewed,us,us
2004-06-25T19:25:33.979Z,51.354,-179.9398,52.7,3,ml,,,,0.43,ak,ak004851l3f9,2019-02-13T01:14:17.311Z,"236 km WSW of Adak, Alaska",earthquake,,57.6,,,reviewed,ak,ak
2004-06-25T19:20:37.000Z,-32.197,-70.064,126.7,2.6,md,5,301.4,,,us,usp000cysj,2014-11-07T01:22:41.372Z,"86 km NE of Los Andes, Chile",earthquake,,,,,reviewed,guc,guc
2004-06-25T18:50:18.720Z,-20.188,-177.647,388.2,4.1,mb,15,139.4,,0.84,us,usp000cysh,2014-11-07T01:22:41.370Z,"275 km WNW of Haveluloto, Tonga",earthquake,,41.7,,1,reviewed,us,us
2004-06-25T18:12:44.960Z,47.409,16.951,10,3,ml,28,64.4,,0.9,us,usp000cysg,2014-11-07T01:22:41.365Z,"5 km WSW of Répcelak, Hungary",earthquake,,,,,reviewed,us,zamg
2004-06-25T18:03:48.690Z,0.117,123.705,175.2,4.7,mb,68,84.1,,1.12,us,usp000cyse,2014-11-07T01:22:41.357Z,"85 km ESE of Gorontalo, Indonesia",earthquake,,14,,36,reviewed,us,us
2004-06-25T16:54:54.600Z,39.93,20.41,29,3.3,md,10,155.1,,,us,usp000cysa,2014-11-07T01:22:41.351Z,"16 km SE of Libohovë, Albania",earthquake,,,,,reviewed,ath,ath
2004-06-25T16:41:28.990Z,-0.489,131.753,40,4.2,mb,11,192.5,,0.9,us,usp000cys9,2014-11-07T01:22:41.350Z,"69 km NE of Sorong, Indonesia",earthquake,,,,1,reviewed,us,us
2004-06-25T16:00:50.150Z,-7.365,125.869,38.8,4.9,mwc,58,107.2,,0.87,us,usp000cys7,2016-11-10T00:38:38.090Z,"127 km N of Manatutu, Timor Leste",earthquake,,12.6,,,reviewed,us,hrv
2004-06-25T15:49:18.880Z,85.59,21.385,10,4.8,mb,34,60.3,,1.35,us,usp000cys4,2014-11-07T01:22:41.335Z,"north of Svalbard",earthquake,,,,7,reviewed,us,us
2004-06-25T15:39:42.820Z,-31.941,-178.088,10,4.9,mb,29,185.3,,1.33,us,usp000cys2,2014-11-07T01:22:41.331Z,"Kermadec Islands region",earthquake,,,,3,reviewed,us,us
2004-06-25T15:21:01.800Z,15.936,-96.672,16.1,3.3,md,4,250,,,us,usp000cys1,2014-11-07T01:22:41.330Z,"5 km S of Quelové, Mexico",earthquake,,,,,reviewed,unm,unm
2004-06-25T15:02:21.030Z,63.0114,-151.007,123.1,3.2,ml,,,,0.63,ak,ak00484z2ejb,2019-02-13T01:14:06.669Z,"58 km NNW of Petersville, Alaska",earthquake,,1.7,,,reviewed,ak,ak
2004-06-25T14:43:07.750Z,36.3318333,-118.0606667,3.708,2.85,ml,28,76,0.2708,0.24,ci,ci14068896,2016-04-01T21:21:50.993Z,"8km NW of Olancha, CA",earthquake,0.48,23.59,0.249,41,reviewed,ci,ci
2004-06-25T14:42:55.510Z,30.577,50.729,24.4,4.7,mb,115,52.1,,0.73,us,usp000cyrx,2014-11-07T01:22:41.313Z,"25 km NNW of Dogonbadan, Iran",earthquake,,,,47,reviewed,us,us
2004-06-25T12:46:19.740Z,-45.806,95.946,10,4.8,mwc,19,156.5,,1.36,us,usp000cyrt,2016-11-10T00:38:37.492Z,"southeast Indian Ridge",earthquake,,,,,reviewed,us,hrv
2004-06-25T11:51:20.014Z,62.464,-151.1665,86.7,3.2,ml,,,,0.67,ak,ak00484wz64h,2019-02-13T01:14:04.335Z,"20 km W of Petersville, Alaska",earthquake,,0.7,,,reviewed,ak,ak
2004-06-25T10:52:23.640Z,52.652,171.986,14.4,4.1,mb,15,256.7,,0.32,us,usp000cyrp,2014-11-07T01:22:41.295Z,"83 km WSW of Attu Station, Alaska",earthquake,,11.4,,3,reviewed,us,us
2004-06-25T10:23:26.500Z,45.57,3.19,6,2.5,ml,5,151.6,,,us,usp000cyrm,2014-11-07T01:22:41.293Z,"5 km ESE of Champeix, France",earthquake,,,,,reviewed,str,str
2004-06-25T10:22:46.400Z,17.32,-95.721,96.6,4.1,md,8,150.1,,,us,usp000cyrk,2014-11-07T01:22:41.291Z,"7 km WSW of San Juan Jaltepec, Mexico",earthquake,,,,,reviewed,unm,unm
2004-06-25T10:10:03.001Z,51.5439,-175.1368,24.6,3.3,ml,,,,0.48,ak,ak00484w4wuk,2019-02-13T01:14:13.795Z,"97 km SW of Atka, Alaska",earthquake,,1.9,,,reviewed,ak,ak
2004-06-25T10:09:30.400Z,41.487,14.169,10,2.5,md,5,187.3,,,us,usp000cyrj,2014-11-07T01:22:41.290Z,"2 km NE of Capriati A Volturno, Italy",earthquake,,,,,reviewed,rom,rom
2004-06-25T09:46:07.400Z,-32.086,-71.735,15,3,ml,9,208.6,,,us,usp000cyrh,2014-11-07T01:22:41.288Z,"62 km NW of La Ligua, Chile",earthquake,,,,,reviewed,guc,guc
2004-06-25T09:19:03.880Z,-6.631,155.006,82.4,4.7,mb,58,80.5,,0.81,us,usp000cyrf,2014-11-07T01:22:41.282Z,"63 km WSW of Panguna, Papua New Guinea",earthquake,,9.5,,23,reviewed,us,us
2004-06-25T09:13:00.300Z,18.998,-103.482,5,3.9,md,5,216.6,,,us,usp000cyre,2014-11-07T01:22:41.280Z,"18 km SE of Los Tepames, Mexico",earthquake,,,,,reviewed,unm,unm
2004-06-25T09:07:35.020Z,-45.792,95.717,10,5.3,mwc,63,48.7,,0.79,us,usp000cyrd,2025-12-19T23:13:29.968Z,"southeast Indian Ridge",earthquake,,,,,reviewed,us,hrv
2004-06-25T09:05:19.490Z,-3.661,140.749,60,3.9,mb,9,235.9,,0.64,us,usp000cyrc,2014-11-07T01:22:41.253Z,"118 km S of Abepura, Indonesia",earthquake,,,,2,reviewed,us,us
2004-06-25T09:00:15.300Z,39.69,20.94,5,3.7,md,49,51.2,,,us,usp000cyrb,2014-11-07T01:22:41.249Z,"8 km E of Pérama, Greece",earthquake,,,,,reviewed,ath,ath
2004-06-25T08:19:40.650Z,-45.97,96.222,10,4.8,mb,6,170.5,,1.15,us,usp000cyr9,2014-11-07T01:22:41.246Z,"southeast Indian Ridge",earthquake,,,,1,reviewed,us,us
2004-06-25T07:45:15.600Z,38.14,23.16,20,3.1,ml,24,41,,,us,usp000cyr8,2014-11-07T01:22:41.243Z,"11 km SSW of Kaparéllion, Greece",earthquake,,,,,reviewed,ath,ath
2004-06-25T07:32:33.460Z,50.08,18.416,10,2.5,m,8,140.4,,0.85,us,usp000cyr6,2014-11-07T01:22:41.239Z,"1 km ESE of Czernica, Poland",earthquake,,,,,reviewed,us,war
2004-06-25T07:16:58.354Z,61.4991,-146.6023,17.3,3.1,ml,,,,0.87,ak,ak00484ue0ln,2019-02-13T01:14:02.279Z,"43 km NNW of Valdez, Alaska",earthquake,,0.3,,,reviewed,ak,ak
2004-06-25T07:13:55.071Z,61.5019,-146.5505,13.2,3.3,ml,,,,0.79,ak,ak00484udd77,2019-02-13T01:14:01.851Z,"42 km NNW of Valdez, Alaska",earthquake,,0.3,,,reviewed,ak,ak
2004-06-25T06:39:52.220Z,-32.315,-178.012,10,4.9,mb,20,154.7,,0.63,us,usp000cyr1,2014-11-07T01:22:41.224Z,"south of the Kermadec Islands",earthquake,,,,2,reviewed,us,us
2004-06-25T06:36:00.980Z,42.102,-120.267,5,2.8,ml,17,95.6,,0.72,us,usp000cyr0,2014-11-07T01:22:41.221Z,"11 km SE of Lakeview, Oregon",earthquake,,,,,reviewed,us,us
2004-06-25T06:28:24.100Z,17.451,-94.375,177.3,3.9,md,6,267.8,,,us,usp000cyqy,2014-11-07T01:22:41.219Z,"13 km E of Niños Héroes, Mexico",earthquake,,,,,reviewed,unm,unm
2004-06-25T06:05:03.080Z,39.735,20.902,10,2.9,ml,7,188.1,,,us,usp000cyqx,2014-11-07T01:22:41.218Z,"6 km NE of Pérama, Greece",earthquake,,,,,reviewed,the,the
2004-06-25T05:43:10.820Z,-5.059,130.89,20,4.5,mb,21,130.2,,1.44,us,usp000cyqv,2014-11-07T01:22:41.214Z,"215 km WNW of Tual, Indonesia",earthquake,,0,,7,reviewed,us,us
2004-06-25T05:02:35.520Z,-23.779,-179.697,491.5,4.5,mb,12,143,,0.76,us,usp000cyqu,2014-11-07T01:22:41.213Z,"south of the Fiji Islands",earthquake,,41.4,,6,reviewed,us,us
2004-06-25T04:52:22.500Z,37.83,20.05,5,3.9,ml,29,176.5,,,us,usp000cyqs,2014-11-07T01:22:41.209Z,"53 km SW of Lixoúri, Greece",earthquake,,,,,reviewed,ath,the
2004-06-25T04:40:18.860Z,19.777,-65.456,25,3.1,md,8,297.3,,,us,usp000cyqq,2014-11-07T01:22:41.206Z,"154 km NNE of Vieques, Puerto Rico",earthquake,,,,,reviewed,rspr,rspr
2004-06-25T04:30:45.000Z,39.71,20.87,5,3.7,md,74,46.7,,,us,usp000cyqp,2014-11-07T01:22:41.200Z,"2 km NE of Pérama, Greece",earthquake,,,,,reviewed,ath,ath
2004-06-25T04:30:17.100Z,18.073,-103.368,20,4.1,md,9,208,,,us,usp000cyqn,2014-11-07T01:22:41.198Z,"55 km SSE of La Placita de Morelos, Mexico",earthquake,,,,,reviewed,unm,unm
2004-06-25T03:42:51.700Z,38.727,15.592,173.6,2.5,md,5,218,,,us,usp000cyqk,2014-11-07T01:22:41.195Z,"24 km WNW of Santa Domenica, Italy",earthquake,,,,,reviewed,rom,rom
2004-06-25T03:33:06.700Z,38.1,23.1,5,3.1,ml,22,47.2,,,us,usp000cyqj,2014-11-07T01:22:41.193Z,"15 km ENE of Perachóra, Greece",earthquake,,,,,reviewed,ath,the
2004-06-25T03:28:50.850Z,18.797,-64.572,17.1,3.7,md,10,324.1,,,us,usp000cyqh,2014-11-07T01:22:41.191Z,"56 km NNE of Cruz Bay, U.S. Virgin Islands",earthquake,,,,,reviewed,rspr,rspr
2004-06-25T02:35:07.790Z,-6.711,130.375,70.5,6.1,mwb,422,37.2,,0.82,us,usp000cyqg,2022-05-02T17:14:12.993Z,"289 km WSW of Tual, Indonesia",earthquake,,,,,reviewed,us,us
2004-06-25T02:34:04.270Z,47.397,16.876,10,2.9,ml,20,65,,0.92,us,usp000cyqf,2014-11-07T01:22:41.142Z,"9 km E of Bük, Hungary",earthquake,,,,,reviewed,us,zamg
2004-06-25T02:32:29.400Z,35.4,27.04,5,3.1,md,8,198,,,us,usp000cyqe,2014-11-07T01:22:41.140Z,"10 km E of Fry, Greece",earthquake,,,,,reviewed,ath,ath
2004-06-25T02:31:50.990Z,19.639,-65.458,26.7,3.5,md,10,295.9,,,us,usp000cyqd,2014-11-07T01:22:41.139Z,"140 km NNE of Vieques, Puerto Rico",earthquake,,,,,reviewed,rspr,rspr
2004-06-25T02:25:47.384Z,51.1048,-179.4686,6.3,2.7,ml,,,,0.54,ak,ak00484rgr6a,2019-02-13T01:14:00.623Z,"214 km WSW of Adak, Alaska",earthquake,,20.4,,,reviewed,ak,ak
2004-06-25T02:13:38.470Z,41.3488333,-121.7183333,-1.843,2.67,md,12,112,0.1306,3.56,nc,nc21372748,2017-01-07T16:32:22.948Z,"30 km SSE of Tennant, California",earthquake,6.93,13.01,0.16,5,reviewed,nc,nc
2004-06-25T02:11:28.500Z,-28.74,-71.342,43.9,4.3,md,17,119,,,us,usp000cyqc,2014-11-07T01:22:41.136Z,"59 km WSW of Vallenar, Chile",earthquake,,,,,reviewed,guc,guc
2004-06-25T01:51:39.940Z,42.0786667,-120.264,9.655,2.6,md,15,115,,0.57,uw,uw10614173,2016-07-23T02:07:00.430Z,"9 km NNE of New Pine Creek, Oregon",earthquake,3.231,3.9,0.07,7,reviewed,uw,uw
2004-06-25T01:51:06.350Z,19.283,-69.418,25.1,3.6,md,12,342.1,,,us,usp000cyqa,2014-11-07T01:22:41.133Z,"12 km NW of Samaná, Dominican Republic",earthquake,,,,,reviewed,rspr,rspr
2004-06-25T01:41:32.150Z,42.0476667,-120.2546667,11.855,3,md,18,121,,0.78,uw,uw10614103,2016-07-23T02:06:59.510Z,"6 km NNE of New Pine Creek, Oregon",earthquake,3.663,3.57,0.06,3,reviewed,uw,uw
2004-06-25T01:39:03.990Z,42.1065,-120.2538333,2.805,2.6,md,14,141,,0.56,uw,uw10614083,2016-07-23T02:06:58.970Z,"11 km SE of Lakeview, Oregon",earthquake,5.435,15.19,0.07,3,reviewed,uw,uw
2004-06-25T00:41:13.900Z,16.446,-98.341,82.9,3.8,md,4,249.5,,,us,usp000cyq6,2014-11-07T01:22:41.127Z,"5 km W of Santa María Cortijo, Mexico",earthquake,,,,,reviewed,unm,unm
2004-06-25T00:28:19.250Z,-20.899,169.58,10,4.5,mb,13,131.7,,1.17,us,usp000cyq5,2014-11-07T01:22:41.125Z,"153 km SSE of Isangel, Vanuatu",earthquake,,,,2,reviewed,us,us
2004-06-25T00:19:43.400Z,38.38,21.82,9,3.1,ml,18,52.1,,,us,usp000cyq4,2014-11-07T01:22:41.123Z,"1 km SSW of Náfpaktos, Greece",earthquake,,,,,reviewed,ath,the
2004-06-25T00:15:35.810Z,-15.207,-173.482,10,4.8,mb,20,123.9,,0.69,us,usp000cyq3,2014-11-07T01:22:41.121Z,"89 km NNE of Hihifo, Tonga",earthquake,,0,,1,reviewed,us,us
2004-06-25T00:05:52.030Z,51.635,7.592,10,2.6,ml,16,197.9,,0.82,us,usp000cyq2,2014-11-07T01:22:41.118Z,"4 km WNW of Bergkamen, Germany",earthquake,,,,,reviewed,us,ldg
2004-06-24T23:35:55.642Z,51.4622,-179.0762,67.5,2.5,ml,,,,0.2,ak,ak00483gho6k,2019-02-13T01:13:59.981Z,"175 km WSW of Adak, Alaska",earthquake,,78.6,,,reviewed,ak,ak
2004-06-24T23:19:40.960Z,-21.114,169.535,55,4.8,mb,43,111.6,,0.9,us,usp000cyq1,2014-11-07T01:22:41.112Z,"176 km S of Isangel, Vanuatu",earthquake,,,,21,reviewed,us,us
2004-06-24T23:13:42.530Z,41.737,141.408,143.5,4.3,mb,13,141.3,,0.46,us,usp000cyq0,2014-11-07T01:22:41.111Z,"52 km NNE of Mutsu, Japan",earthquake,,11.9,,3,reviewed,us,us
2004-06-24T23:05:25.560Z,-15.138,-170.853,10,4.6,mb,14,142.7,,1.28,us,usp000cypz,2014-11-07T01:22:41.109Z,"86 km S of Vailoatai, American Samoa",earthquake,,,,9,reviewed,us,us
2004-06-24T22:53:16.680Z,-32.372,-179.614,10,4.9,mb,6,263.8,,0.99,us,usp000cypy,2014-11-07T01:22:41.108Z,"south of the Kermadec Islands",earthquake,,,,1,reviewed,us,us
2004-06-24T22:12:37.160Z,81.729,119.292,10,4.7,mb,11,121.8,,1.46,us,usp000cypw,2014-11-07T01:22:41.105Z,"east of Severnaya Zemlya",earthquake,,,,3,reviewed,us,us
2004-06-24T21:53:53.230Z,38.73,20.461,4,3.4,md,24,126.7,,,us,usp000cypu,2014-11-07T01:22:41.101Z,"23 km WSW of Lefkáda, Greece",earthquake,,,,,reviewed,the,ath
2004-06-24T21:05:28.890Z,46.7445,-122.775,-0.677,2.7,md,5,134,0.08947,0.03,uw,uw10614048,2016-07-23T02:06:58.070Z,"9 km SE of Bucoda, Washington",explosion,0.014,0.02,0.03,3,reviewed,uw,uw
2004-06-24T21:01:37.960Z,34.739,141.646,45,4.3,mb,9,228.9,,1.08,us,usp000cyps,2014-11-07T01:22:41.098Z,"127 km ESE of ?hara, Japan",earthquake,,,,1,reviewed,us,us
2004-06-24T20:31:47.330Z,55.617,160.097,188.4,4.3,mb,20,94.3,,1.08,us,usp000cypr,2014-11-07T01:22:41.096Z,"28 km E of Atlasovo, Russia",earthquake,,10,,5,reviewed,us,us
2004-06-24T20:13:41.700Z,2.314,128.037,150,4.2,mb,14,124.6,,0.97,us,usp000cypp,2014-11-07T01:22:41.093Z,"64 km N of Tobelo, Indonesia",earthquake,,,,4,reviewed,us,us
2004-06-24T20:07:07.200Z,41.568,13.795,9.7,2.8,md,8,190.1,,,us,usp000cypn,2014-11-07T01:22:41.091Z,"2 km WSW of Belmonte Castello, Italy",earthquake,,,,,reviewed,rom,rom
2004-06-24T19:38:43.930Z,53.989,-163.17,3,2.7,ml,15,238.8,,,us,usp000cypm,2019-02-13T01:13:47.340Z,"97 km S of False Pass, Alaska",earthquake,,,,,reviewed,aeic,aeic
2004-06-24T19:25:57.500Z,35.95,21.31,5,4.2,ml,54,170.1,,,us,usp000cypk,2014-11-07T01:22:41.085Z,"102 km SSW of Methóni, Greece",earthquake,,,,,reviewed,ath,the
2004-06-24T19:19:52.000Z,37.86,21.06,15,3.2,md,4,176.3,,,us,usp000cypj,2014-11-07T01:22:41.084Z,"4 km WNW of Arkoúdi, Greece",earthquake,,,,,reviewed,ath,ath
2004-06-24T18:24:16.400Z,44.244,12.574,10,2.5,md,9,141.3,,,us,usp000cyph,2014-11-07T01:22:41.082Z,"13 km NE of San Mauro a Mare, Italy",earthquake,,,,,reviewed,rom,rom
2004-06-24T17:10:29.000Z,-32.816,-71.825,35.6,2.7,md,7,247.7,,,us,usp000cype,2014-11-07T01:22:41.079Z,"30 km NW of Valparaíso, Chile",earthquake,,,,,reviewed,guc,guc
2004-06-24T17:05:42.440Z,-34.699,53.999,10,4.2,mb,16,82.6,,1.11,us,usp000cypd,2014-11-07T01:22:41.077Z,"Southwest Indian Ridge",earthquake,,,,5,reviewed,us,us
2004-06-24T16:59:40.600Z,41.584,13.801,10.7,2.7,md,11,139.2,,,us,usp000cypc,2014-11-07T01:22:41.075Z,"1 km WNW of Belmonte Castello, Italy",earthquake,,,,,reviewed,rom,rom
2004-06-24T16:36:01.900Z,39.67,20.81,5,3.1,md,10,129.5,,,us,usp000cypb,2014-11-07T01:22:41.073Z,"1 km SW of Kardamítsia, Greece",earthquake,,,,,reviewed,ath,ath
2004-06-24T16:31:13.900Z,39.55,20.76,5,3.4,ml,13,98.1,,,us,usp000cyp9,2014-11-07T01:22:41.070Z,"9 km SW of Pediní, Greece",earthquake,,,,,reviewed,ath,the
2004-06-24T16:29:45.840Z,-33.457,-178.838,116.5,4.2,mb,15,89.9,,0.87,us,usp000cyp8,2014-11-07T01:22:41.068Z,"south of the Kermadec Islands",earthquake,,24.9,,3,reviewed,us,us
2004-06-24T15:43:49.580Z,-50.2,112.767,10,4.3,mb,14,106,,1.22,us,usp000cyp5,2014-11-07T01:22:41.064Z,"southeast Indian Ridge",earthquake,,,,4,reviewed,us,us
2004-06-24T15:41:26.030Z,36.663,141.776,45,4.4,mb,9,222.4,,0.76,us,usp000cyp4,2014-11-07T01:22:41.063Z,"90 km ESE of Iwaki, Japan",earthquake,,,,3,reviewed,us,us
2004-06-24T15:33:06.990Z,-3.546,140.335,60,4.2,mb,13,106.8,,0.92,us,usp000cyp3,2014-11-07T01:22:41.061Z,"110 km SSW of Abepura, Indonesia",earthquake,,,,5,reviewed,us,us
2004-06-24T15:16:08.680Z,-6.491,155.072,33.4,4.9,mwc,63,82,,1.05,us,usp000cyp1,2016-11-10T00:38:29.876Z,"49 km WSW of Panguna, Papua New Guinea",earthquake,,,,,reviewed,us,hrv
2004-06-24T14:52:20.000Z,50.05,-130.15,10,3.7,ml,20,195.9,,,us,usp000cyp0,2014-11-07T01:22:41.051Z,"226 km WSW of Port McNeill, Canada",earthquake,,,,,reviewed,pgc,pgc
2004-06-24T14:50:33.690Z,34.894,-3.842,0,2.8,mblg,9,287.4,,,us,usp000cynz,2014-11-07T01:22:41.049Z,"23 km S of Bni Bouayach, Morocco",earthquake,,,,,reviewed,mdd,mdd
2004-06-24T14:37:41.030Z,1.168,127.009,100,4.5,mb,22,129.4,,0.96,us,usp000cyny,2014-11-07T01:22:41.047Z,"59 km NW of Ternate, Indonesia",earthquake,,,,10,reviewed,us,us
2004-06-24T14:32:29.100Z,39.73,21.18,4,3.1,md,7,124.9,,,us,usp000cynx,2014-11-07T01:22:41.045Z,"4 km S of Metsovo, Greece",earthquake,,,,,reviewed,ath,ath
2004-06-24T14:18:29.340Z,14.066,120.633,162.1,4,mb,12,124,,0.9,us,usp000cynw,2014-11-07T01:22:41.044Z,"0 km SE of Nasugbu, Philippines",earthquake,,8.2,,5,reviewed,us,us
2004-06-24T13:58:53.300Z,35.084,32.159,10,2.8,ml,4,296,,,us,usp000cynu,2014-11-07T01:22:41.041Z,"24 km WNW of Pólis, Cyprus",earthquake,,,,,reviewed,nic,nic
2004-06-24T13:56:37.660Z,-18.028,-174.636,135,4.6,mb,22,137.9,,0.77,us,usp000cynt,2014-11-07T01:22:41.038Z,"97 km NW of Neiafu, Tonga",earthquake,,,,10,reviewed,us,us
2004-06-24T13:13:38.820Z,-21.999,-70.324,47.3,4.5,mb,33,111.1,,0.96,us,usp000cynr,2014-11-07T01:22:41.033Z,"16 km NW of Tocopilla, Chile",earthquake,,9.2,,10,reviewed,us,us
2004-06-24T13:03:42.470Z,2.783,128.294,85,4.6,mb,25,113.4,,0.83,us,usp000cynq,2014-11-07T01:22:41.030Z,"120 km NNE of Tobelo, Indonesia",earthquake,,,,12,reviewed,us,us
2004-06-24T12:17:04.060Z,11.957,-86.294,144.1,3.9,mb,24,148.1,,0.82,us,usp000cynn,2014-11-07T01:22:41.027Z,"4 km SSE of El Crucero, Nicaragua",earthquake,,6.9,,8,reviewed,us,us
2004-06-24T12:03:51.330Z,27.897,139.863,450.5,3.8,mb,24,140.9,,0.82,us,usp000cynm,2014-11-07T01:22:41.024Z,"Bonin Islands, Japan region",earthquake,,13.2,,5,reviewed,us,us
2004-06-24T11:58:21.000Z,45.98,-1.35,5,3.1,ml,5,168.5,,,us,usp000cynk,2014-11-07T01:22:41.023Z,"5 km NW of Saint-Pierre-d'Oléron, France",earthquake,,,,,reviewed,str,str
2004-06-24T11:21:52.000Z,-33.377,-70.368,100.3,3.3,md,13,179,,,us,usp000cynj,2014-11-07T01:22:41.021Z,"21 km ENE of Villa Presidente Frei, Ñuñoa, Santiago, Chile, Chile",earthquake,,,,,reviewed,guc,guc
2004-06-24T11:19:10.160Z,36.634,1.579,0,3.4,ml,11,91.2,,,us,usp000cynh,2014-11-07T01:22:41.019Z,"31 km NE of Sidi Akkacha, Algeria",earthquake,,,,,reviewed,mdd,alg
2004-06-24T11:13:27.700Z,-23.867,-113.023,10,4.4,mb,17,173.5,,1.32,us,usp000cyng,2014-11-07T01:22:41.017Z,"Easter Island region",earthquake,,,,5,reviewed,us,us
2004-06-24T11:02:25.320Z,5.69,124.341,235,4.4,mb,12,136.7,,0.91,us,usp000cynf,2014-11-07T01:22:41.016Z,"42 km SSW of Maitum, Philippines",earthquake,,,,5,reviewed,us,us
2004-06-24T10:22:47.760Z,-18.25,-71.025,27.7,4.9,mb,107,62.3,,1,us,usp000cyne,2014-11-07T01:22:41.004Z,"65 km SW of Las Yaras, Peru",earthquake,,,,46,reviewed,us,us
2004-06-24T10:03:28.600Z,29.868,87.905,20,4.3,mb,26,132,,1.21,us,usp000cynd,2014-11-07T01:22:41.001Z,"116 km NW of Rikaze, China",earthquake,,0,,7,reviewed,us,us
2004-06-24T09:50:54.700Z,-41.343,-85.503,10,4.6,mb,24,140.5,,0.99,us,usp000cync,2014-11-07T01:22:40.998Z,"West Chile Rise",earthquake,,,,11,reviewed,us,us
2004-06-24T09:22:06.052Z,60.0449,-152.5045,92.5,3.1,ml,,,,0.38,ak,ak0048382pkt,2019-02-13T01:13:45.304Z,"44 km WNW of Happy Valley, Alaska",earthquake,,1.9,,,reviewed,ak,ak
2004-06-24T08:10:07.030Z,-23.742,-111.755,10,4.3,mb,24,103.7,,0.95,us,usp000cyn7,2014-11-07T01:22:40.986Z,"Easter Island region",earthquake,,,,8,reviewed,us,us
2004-06-24T07:57:52.530Z,48.548,-122.6005,19.483,2.8,md,43,78,,0.29,uw,uw10613813,2016-07-23T02:06:54.890Z,"4 km NNE of Anacortes, Washington",earthquake,0.622,0.97,0.04,16,reviewed,uw,uw
2004-06-24T07:40:31.310Z,51.484,-177.124,44.1,3.5,ml,7,202.9,,,us,usp000cyn5,2019-02-13T01:13:45.007Z,"55 km SW of Adak, Alaska",earthquake,,,,,reviewed,aeic,aeic
2004-06-24T06:57:02.125Z,64.5516,-146.63,20.4,3.3,ml,,,,0.78,ak,ak004836hwis,2019-02-13T01:13:44.680Z,"13 km ENE of Salcha, Alaska",earthquake,,0.6,,,reviewed,ak,ak
2004-06-24T06:52:07.350Z,-15.441,168.352,30,5.2,mwc,107,50.2,,0.98,us,usp000cyn3,2022-05-02T17:14:11.821Z,"123 km NE of Norsup, Vanuatu",earthquake,,,,,reviewed,us,hrv
2004-06-24T05:09:11.980Z,18.489,-66.155,102.7,3.2,md,12,203,,,us,usp000cyn2,2014-11-07T01:22:40.963Z,"5 km NNE of Levittown, Puerto Rico",earthquake,,,,,reviewed,rspr,rspr
2004-06-24T04:45:49.660Z,36.627,134.685,384.6,4.4,mb,97,76.4,,0.67,us,usp000cyn1,2014-11-07T01:22:40.955Z,"121 km N of Toyooka, Japan",earthquake,,3.5,,38,reviewed,us,us
2004-06-24T04:22:54.700Z,49.48,8.34,10,2.5,ml,19,143.4,,,us,usp000cymy,2014-11-07T01:22:40.948Z,"3 km ESE of Maxdorf, Germany",earthquake,,,,,reviewed,str,ldg
2004-06-24T04:08:14.950Z,-1.896,-77.348,154.2,4.2,mb,50,141.1,,0.84,us,usp000cymx,2014-11-07T01:22:40.944Z,"71 km ESE of Palora, Ecuador",earthquake,,8.6,,26,reviewed,us,us
2004-06-24T03:59:57.060Z,40.187,23.977,10,3,md,17,77.3,,,us,usp000cymw,2014-11-07T01:22:40.942Z,"10 km N of Sárti, Greece",earthquake,,,,,reviewed,the,ath
2004-06-24T03:15:58.260Z,17.045,145.616,305.9,4.3,mb,34,81.7,,0.61,us,usp000cymt,2014-11-07T01:22:40.934Z,"203 km N of Saipan, Northern Mariana Islands",earthquake,,4.2,,9,reviewed,us,us
2004-06-24T02:53:06.600Z,30.302,138.676,417.3,4.1,mb,10,141.9,,0.64,us,usp000cymr,2014-11-07T01:22:40.887Z,"Izu Islands, Japan region",earthquake,,12.8,,1,reviewed,us,us
2004-06-24T02:15:10.700Z,-33.856,-72.008,36.5,3.4,md,11,247.3,,,us,usp000cymq,2014-11-07T01:22:40.885Z,"47 km SW of San Antonio, Chile",earthquake,,,,,reviewed,guc,guc
2004-06-24T02:06:10.000Z,40.42,26,33,3,md,4,195.5,,,us,usp000cymp,2014-11-07T01:22:40.884Z,"25 km NNE of Gökçeada, Turkey",earthquake,,,,,reviewed,ath,ath
2004-06-24T01:56:29.290Z,4.036,126.35,40.3,4.7,mb,33,94.6,,1.07,us,usp000cymn,2014-11-07T01:22:40.881Z,"180 km SSE of Sarangani, Philippines",earthquake,,,,14,reviewed,us,us
2004-06-24T01:46:22.780Z,2.863,125.716,10,4.6,mb,23,102.4,,1.15,us,usp000cymm,2014-11-07T01:22:40.878Z,"172 km NNE of Laikit, Laikit II (Dimembe), Indonesia",earthquake,,,,6,reviewed,us,us
2004-06-24T01:32:24.600Z,35.34,24.16,35,3.2,md,7,129.3,,,us,usp000cymk,2014-11-07T01:22:40.877Z,"5 km SW of Vrýses, Greece",earthquake,,,,,reviewed,ath,ath
2004-06-24T01:25:14.330Z,35.064,-3.827,0,3.1,m,8,298.6,,,us,usp000cymj,2014-11-07T01:22:40.874Z,"4 km SSE of Bni Bouayach, Morocco",earthquake,,,,,reviewed,mdd,mdd
2004-06-24T01:22:46.990Z,-23.486,-179.909,482.1,4.3,mb,35,121.1,,0.95,us,usp000cymh,2014-11-07T01:22:40.871Z,"south of the Fiji Islands",earthquake,,25.8,,18,reviewed,us,us
2004-06-24T01:16:01.460Z,44.407,7.28,10.6,2.6,ml,35,82.3,,,us,usp000cymg,2014-11-07T01:22:40.865Z,"1 km S of Pradleves, Italy",earthquake,,,,,reviewed,gen,gen
2004-06-24T01:04:58.700Z,-33.57,-70.78,78.3,2.5,md,10,53.7,,,us,usp000cyme,2014-11-07T01:22:40.861Z,"7 km WNW of San Bernardo, Chile",earthquake,,,,,reviewed,guc,guc
2004-06-24T01:02:11.750Z,29.725,131.07,31.5,4.7,mb,13,122.2,,1.36,us,usp000cymd,2014-11-07T01:22:40.859Z,"76 km SE of Koshima, Japan",earthquake,,25.7,,3,reviewed,us,us
2004-06-24T00:55:48.530Z,40.348,26.33,7,2.9,md,10,260.3,,,us,usp000cymb,2014-11-07T01:22:40.857Z,"18 km N of Eceabat, Turkey",earthquake,,,,,reviewed,the,ath
2004-06-24T00:52:34.730Z,-21.174,-179.187,573.2,4.4,mb,46,76.2,,1.19,us,usp000cyma,2014-11-07T01:22:40.852Z,"Fiji region",earthquake,,28.5,,21,reviewed,us,us
2004-06-24T00:18:16.400Z,34.1766667,-117.7196667,7.434,2.73,ml,70,20,,0.3,ci,ci14068216,2016-04-02T16:46:45.116Z,"9km N of Claremont, CA",earthquake,0.36,0.98,0.288,109,reviewed,ci,ci
2004-06-24T00:17:43.200Z,34.336,32.088,25,2.8,ml,6,317.8,,,us,usp000cym8,2014-11-07T01:22:40.849Z,"57 km SW of Koloni, Cyprus",earthquake,,,,,reviewed,nic,nic
2004-06-24T00:12:55.250Z,55.657,159.881,190.1,4.2,mb,43,75.9,,0.97,us,usp000cym6,2014-11-07T01:22:40.841Z,"16 km ENE of Atlasovo, Russia",earthquake,,8.8,,13,reviewed,us,us
2004-06-24T00:01:51.300Z,44.3,11.476,4.9,3.5,ml,67,27.4,,,us,usp000cym5,2014-11-07T01:22:40.831Z,"6 km ESE of Monterenzio, Italy",earthquake,,,,,reviewed,rom,zamg
2004-06-23T23:46:55.520Z,35.029,-5.017,36,3,mblg,32,272.1,,,us,usp000cym4,2014-11-07T01:22:40.814Z,"27 km SE of Chefchaouene, Morocco",earthquake,,,,,reviewed,mdd,mdd
2004-06-23T23:45:24.280Z,19.017,145.855,193,4.5,mb,13,129.6,,1.1,us,usp000cym3,2014-11-07T01:22:40.812Z,"Maug Islands region, Northern Mariana Islands",earthquake,,13,,2,reviewed,us,us
2004-06-23T23:27:05.180Z,-18.358,-71.188,56.8,4.4,mb,28,103.9,,1.45,us,usp000cym2,2014-11-07T01:22:40.809Z,"80 km SSE of Pacocha, Peru",earthquake,,12.5,,5,reviewed,us,us
2004-06-23T23:10:52.400Z,44.381,7.3,14.2,3,md,54,58.4,,,us,usp000cym0,2014-11-07T01:22:40.800Z,"3 km SSW of Monterosso Grana, Italy",earthquake,,,,,reviewed,rom,ldg
2004-06-23T22:18:09.500Z,38.47,21.63,32,2.9,md,6,126.7,,,us,usp000cykz,2014-11-07T01:22:40.799Z,"10 km SE of Gavaloú, Greece",earthquake,,,,,reviewed,ath,ath
2004-06-23T22:15:39.709Z,61.1703,-146.9975,3,2.5,ml,,,,0.73,ak,ak00481s8kj6,2019-02-13T01:13:35.183Z,"35 km W of Valdez, Alaska",earthquake,,6.4,,,reviewed,ak,ak
2004-06-23T22:04:11.200Z,-37.22,177.02,229,4,mb,34,186,,,us,usp000cykw,2014-11-07T01:22:40.790Z,"78 km NE of Maketu, New Zealand",earthquake,,,,1,reviewed,wel,us
2004-06-23T21:53:38.589Z,63.1463,-151.2846,8.8,2.6,ml,,,,0.75,ak,ak00481rva1u,2019-02-13T01:13:34.833Z,"49 km SSE of Denali National Park, Alaska",earthquake,,1,,,reviewed,ak,ak
2004-06-23T21:18:33.760Z,51.744,-171.325,34.7,4.1,mb,21,142.4,,0.81,us,usp000cyku,2019-02-13T01:13:34.223Z,"203 km ESE of Atka, Alaska",earthquake,,17.4,,2,reviewed,us,us
2004-06-23T21:14:58.430Z,-33.804,-178.419,48.6,4.8,mb,36,57.1,,0.81,us,usp000cykt,2014-11-07T01:22:40.780Z,"south of the Kermadec Islands",earthquake,,,,8,reviewed,us,us
2004-06-23T21:14:44.200Z,-32.972,-69.091,11,2.5,ml,4,317,,,us,usp000cyks,2014-11-07T01:22:40.779Z,"26 km WSW of Mendoza, Argentina",earthquake,,,,,reviewed,guc,guc
2004-06-23T20:29:26.500Z,39.06,21.13,33,2.7,md,4,124.8,,,us,usp000cykq,2014-11-07T01:22:40.776Z,"2 km NNE of Menídi, Greece",earthquake,,,,,reviewed,ath,ath
2004-06-23T20:27:17.050Z,36.505,4.475,10,4,ml,52,136.7,,0.81,us,usp000cykp,2014-11-07T01:22:40.771Z,"5 km NNW of Ighram, Algeria",earthquake,,,,,reviewed,us,alg
2004-06-23T19:05:13.820Z,43.821,-105.291,0,3.4,ml,19,110.3,,0.92,rusms,rusms00003877,2022-06-09T21:12:36.090Z,"17 km ENE of Wright, Wyoming",explosion,,,,,reviewed,us,us
2004-06-23T18:19:24.000Z,50.43,-130.25,10,4,mb,29,177.2,,,us,usp000cykk,2014-11-07T01:22:40.765Z,"225 km W of Port McNeill, Canada",earthquake,,,,5,reviewed,pgc,us
2004-06-23T18:10:40.140Z,-2.933,-80.42,30,3.8,mb,12,88.6,,0.91,us,usp000cykj,2014-11-07T01:22:40.763Z,"33 km S of Playas, Ecuador",earthquake,,,,3,reviewed,us,us
2004-06-23T18:08:06.700Z,-33.817,-70.592,88,3.9,md,22,77.1,,,us,usp000cykh,2014-11-07T01:22:40.760Z,"13 km E of Paine, Chile",earthquake,,,,,reviewed,guc,guc
2004-06-23T17:36:42.100Z,50.394,18.852,5,2.5,m,9,179.3,,1.35,us,usp000cyke,2014-11-07T01:22:40.755Z,"3 km W of Radzionków, Poland",earthquake,,,,,reviewed,us,war
2004-06-23T17:20:07.180Z,-30.943,-68.4,199.7,3.4,md,9,148.3,,1.18,us,usp000cykd,2014-11-07T01:22:40.754Z,"San Juan, Argentina",earthquake,,17.9,,,reviewed,us,guc
2004-06-23T17:15:53.300Z,37.69,21.37,5,3.3,ml,20,169.7,,,us,usp000cykc,2014-11-07T01:22:40.752Z,"6 km WNW of Pýrgos, Greece",earthquake,,,,,reviewed,ath,ath
2004-06-23T16:20:06.180Z,33.7135,-116.8505,17.202,2.64,ml,51,23,0.06675,0.24,ci,ci14068040,2016-04-02T03:49:49.492Z,"6km SE of Valle Vista, CA",earthquake,0.27,0.64,0.281,65,reviewed,ci,ci
2004-06-23T16:09:01.740Z,39.13,24.492,12,3,md,9,213.5,,,us,usp000cykb,2014-11-07T01:22:40.750Z,"25 km NNW of Skýros, Greece",earthquake,,,,,reviewed,the,ath
2004-06-23T14:34:19.800Z,15.717,-92.594,195.6,4.2,md,9,160.5,,,us,usp000cyk9,2014-11-07T01:22:40.746Z,"3 km NE of Montecristo, Mexico",earthquake,,,,,reviewed,unm,unm
2004-06-23T12:22:22.000Z,-19.74,134.054,4,3.3,ml,12,112.8,,,us,usp000cyk6,2014-11-07T01:22:40.741Z,"17 km SW of Tennant Creek, Australia",earthquake,,,,,reviewed,aust,aust
2004-06-23T12:21:30.670Z,-5.31,153.878,77.9,4.6,mb,20,82.4,,0.87,us,usp000cyk5,2014-11-07T01:22:40.739Z,"208 km ESE of Kokopo, Papua New Guinea",earthquake,,13.8,,3,reviewed,us,us
2004-06-23T11:35:32.480Z,-47.546,100.549,10,4,mb,16,148.1,,1.19,us,usp000cyk4,2014-11-07T01:22:40.737Z,"southeast Indian Ridge",earthquake,,,,2,reviewed,us,us
2004-06-23T11:30:59.780Z,-30.122,-177.492,10,4.1,mb,7,199.6,,1.73,us,usp000cyk3,2014-11-07T01:22:40.735Z,"Kermadec Islands, New Zealand",earthquake,,0,,1,reviewed,us,us
2004-06-23T11:17:11.880Z,-20.481,-177.883,548.9,4,mb,28,79.5,,1.15,us,usp000cyk2,2014-11-07T01:22:40.732Z,"287 km WNW of Haveluloto, Tonga",earthquake,,29.8,,8,reviewed,us,us
2004-06-23T11:00:09.300Z,16.292,-98.047,5.5,4,md,8,247.5,,,us,usp000cyk1,2014-11-07T01:22:40.730Z,"Guerrero-Oaxaca border region, Mexico",earthquake,,,,,reviewed,unm,unm
2004-06-23T10:46:55.750Z,43.197,17.555,3.7,2.6,ml,12,144.2,,,us,usp000cyk0,2014-11-07T01:22:40.728Z,"0 km E of Ljubuški, Bosnia and Herzegovina",earthquake,,,,,reviewed,pdg,zag
2004-06-23T10:25:43.140Z,39.645,24.346,20,2.8,ml,16,93.6,,,us,usp000cyjz,2014-11-07T01:22:40.726Z,"55 km SE of Sykiá, Greece",earthquake,,,,,reviewed,the,the
2004-06-23T10:13:56.790Z,-19.524,-69.215,105.4,4.6,mb,73,119.8,,1,us,usp000cyjx,2014-11-07T01:22:40.718Z,"124 km NE of Iquique, Chile",earthquake,,,,37,reviewed,us,us
2004-06-23T09:35:12.200Z,35.03,25.42,39,3.5,md,6,190.9,,,us,usp000cyjw,2014-11-07T01:22:40.717Z,"19 km SE of Arkalochóri, Greece",earthquake,,,,,reviewed,ath,ath
2004-06-23T08:48:27.720Z,-19.473,-69.051,108.6,5.2,mwc,167,99.5,,0.76,us,usp000cyjt,2025-12-19T23:13:29.317Z,"141 km NE of Iquique, Chile",earthquake,,,,,reviewed,us,hrv
2004-06-23T08:28:56.894Z,63.3374,-145.3601,6.2,2.5,ml,,,,0.83,ak,ak00481jzbp5,2019-02-13T01:13:32.616Z,"30 km NNE of Paxson, Alaska",earthquake,,1.4,,,reviewed,ak,ak
2004-06-23T07:08:42.140Z,18.778,-66.325,51.7,2.7,md,11,237.3,,,us,usp000cyjq,2014-11-07T01:22:40.692Z,"34 km N of Brenas, Puerto Rico",earthquake,,,,,reviewed,rspr,rspr
2004-06-23T06:07:44.820Z,-19.093,-177.139,404.2,4.3,mb,27,87.8,,1.4,us,usp000cyjp,2014-11-07T01:22:40.690Z,"Fiji region",earthquake,,29.7,,7,reviewed,us,us
2004-06-23T05:58:34.350Z,39.137,21.639,3,2.5,ml,4,139.4,,,us,usp000cyjn,2014-11-07T01:22:40.689Z,"14 km N of Kerasochóri, Greece",earthquake,,,,,reviewed,the,the
2004-06-23T05:56:53.560Z,18.498,-68.196,31.8,3.4,md,9,340.7,,,us,usp000cyjm,2014-11-07T01:22:40.687Z,"23 km ESE of Punta Cana, Dominican Republic",earthquake,,,,,reviewed,rspr,rspr
2004-06-23T04:28:30.200Z,-42.83,171.36,14,4.5,mb,81,43.2,,,us,usp000cyjk,2014-11-07T01:22:40.680Z,"34 km ESE of Hokitika, New Zealand",earthquake,,,,6,reviewed,wel,us
2004-06-23T03:31:13.970Z,2.173,-78.273,104.6,4.2,mb,10,129.5,,1.47,us,usp000cyjj,2014-11-07T01:22:40.678Z,"26 km SSW of La Tola, Colombia",earthquake,,19.6,,1,reviewed,us,us
2004-06-23T03:30:00.200Z,35.32,27.13,19,3,md,4,207.9,,,us,usp000cyjh,2014-11-07T01:22:40.677Z,"21 km ESE of Fry, Greece",earthquake,,,,,reviewed,ath,ath
2004-06-23T03:05:32.610Z,-8.385,123.358,56.9,4.2,mb,5,151.5,,1.06,us,usp000cyjf,2014-11-07T01:22:40.675Z,"128 km ENE of Maumere, Indonesia",earthquake,,29.6,,1,reviewed,us,us
2004-06-23T03:05:03.480Z,54.63,-161.297,20,2.6,ml,15,243.2,,,us,usp000cyje,2019-02-13T01:13:31.999Z,"81 km SE of King Cove, Alaska",earthquake,,,,,reviewed,aeic,aeic
2004-06-23T03:04:44.900Z,27.864,36.91,10,3.9,mb,35,200.4,,0.72,us,usp000cyjd,2014-11-07T01:22:40.670Z,"68 km SSE of Tabuk, Saudi Arabia",earthquake,,,,2,reviewed,us,us
2004-06-23T02:56:36.500Z,35.23,27.21,4,3.5,md,11,217.6,,,us,usp000cyjc,2014-11-07T01:22:40.668Z,"30 km S of Karpathos, Greece",earthquake,,,,,reviewed,ath,ath
2004-06-23T02:40:59.900Z,38.53,26.86,10,3.6,ml,13,170.6,,,us,usp000cyjb,2014-11-07T01:22:40.666Z,"17 km SSE of Foça, Turkey",earthquake,,,,,reviewed,ath,the
2004-06-23T02:20:00.290Z,-21.093,-176.004,77.7,4.4,mb,28,76.3,,0.55,us,usp000cyja,2014-11-07T01:22:40.663Z,"82 km W of Haveluloto, Tonga",earthquake,,50.3,,8,reviewed,us,us
2004-06-23T01:54:45.460Z,18.552,-67.083,91.3,2.8,md,10,274.7,,,us,usp000cyj7,2014-11-07T01:22:40.658Z,"6 km NNE of San Antonio, Puerto Rico",earthquake,,,,,reviewed,rspr,rspr
2004-06-23T01:33:11.140Z,-21.116,-176.008,80.9,4.4,mb,24,76.3,,0.64,us,usp000cyj6,2014-11-07T01:22:40.655Z,"82 km W of Haveluloto, Tonga",earthquake,,53.9,,8,reviewed,us,us
2004-06-23T01:26:01.970Z,-6.98,124.881,548.9,5.2,mwc,157,57.4,,0.95,us,usp000cyj4,2025-12-19T23:13:28.623Z,"184 km N of Maubara, Timor Leste",earthquake,,,,,reviewed,us,hrv
2004-06-23T00:36:23.500Z,42.608,13.577,11.9,2.5,md,7,95,,,us,usp000cyj2,2014-11-07T01:22:40.632Z,"5 km WNW of Montorio al Vomano, Italy",earthquake,,,,,reviewed,rom,rom
2004-06-22T23:53:50.300Z,39.821,15.126,10,2.6,md,7,256.3,,,us,usp000cyj0,2014-11-07T01:22:40.628Z,"27 km SSW of Palinuro, Italy",earthquake,,,,,reviewed,rom,rom
2004-06-22T23:10:14.700Z,-33.289,-71.745,28.8,4.2,ml,25,147.4,,,us,usp000cyhx,2014-11-07T01:22:40.621Z,"30 km SSW of Valparaíso, Chile",earthquake,,,,,reviewed,guc,guc
2004-06-22T23:08:00.820Z,36.5873333,-121.1876667,6.8,2.51,md,74,33,0.01261,0.06,nc,nc21372292,2017-01-07T16:24:16.700Z,"21 km NE of Soledad, California",earthquake,0.09,0.26,0.12,70,reviewed,nc,nc
2004-06-22T22:06:26.230Z,19.892,-69.067,28,3.9,md,10,342.7,,,us,usp000cyhw,2014-11-07T01:22:40.619Z,"81 km NNE of Samaná, Dominican Republic",earthquake,,,,,reviewed,rspr,rspr
2004-06-22T21:56:38.900Z,32.4465,-117.817,5.858,2.82,ml,8,55,0.6645,0.14,ci,ci14067924,2016-02-17T11:09:18.037Z,"65km SE of San Clemente Is. (SE tip), California",earthquake,1.74,31.61,0.325,24,reviewed,ci,ci
2004-06-22T21:50:51.000Z,35.55,26.97,14,3,md,4,158.5,,,us,usp000cyhv,2014-11-07T01:22:40.618Z,"15 km NNE of Fry, Greece",earthquake,,,,,reviewed,ath,ath
2004-06-22T21:40:15.300Z,-35.235,-71.415,92.2,2.9,md,6,191.5,,,us,usp000cyhu,2014-11-07T01:22:40.617Z,"18 km SW of Molina, Chile",earthquake,,,,,reviewed,guc,guc
2004-06-22T21:39:37.140Z,-19.108,-175.747,231,5.6,mwc,175,34.2,,0.77,us,usp000cyht,2022-05-02T17:14:10.667Z,"165 km WNW of Pangai, Tonga",earthquake,,,,,reviewed,us,hrv
2004-06-22T19:53:38.070Z,-24.169,-67.035,167.8,3.9,md,12,55.6,,0.72,us,usp000cyhr,2014-11-07T01:22:40.576Z,"72 km W of San Antonio de los Cobres, Argentina",earthquake,,8.7,,,reviewed,us,guc
2004-06-22T19:38:31.590Z,-20.361,-178.442,583.8,3.6,mb,18,189.2,,0.62,us,usp000cyhq,2014-11-07T01:22:40.574Z,"Fiji region",earthquake,,38.6,,2,reviewed,us,us
2004-06-22T19:37:49.212Z,60.1228,-153.1371,118.2,2.6,ml,,,,0.62,ak,ak0048031npl,2019-02-13T01:13:22.943Z,"65 km NE of Pedro Bay, Alaska",earthquake,,2.2,,,reviewed,ak,ak
2004-06-22T19:17:47.450Z,40.863,21.488,13,2.5,ml,4,206.8,,,us,usp000cyhn,2014-11-07T01:22:40.568Z,"8 km WNW of Melíti, Greece",earthquake,,,,,reviewed,the,the
2004-06-22T18:48:23.130Z,40.715,22.812,5,2.6,ml,7,76.6,,,us,usp000cyhm,2014-11-07T01:22:40.567Z,"4 km NW of Néa Magnisía, Greece",earthquake,,,,,reviewed,the,the
2004-06-22T18:06:33.220Z,-6.709,108.986,207.8,3.6,mb,12,188.9,,0.63,us,usp000cyhj,2014-11-07T01:22:40.562Z,"18 km N of Bulakamba, Indonesia",earthquake,,18.8,,1,reviewed,us,us
2004-06-22T18:05:51.840Z,43.875,-105.342,0,3.4,ml,16,108.3,,0.62,rusms,rusms00003876,2022-06-09T21:12:36.077Z,"18 km NE of Wright, Wyoming",explosion,,,,,reviewed,us,us
2004-06-22T16:27:27.200Z,-30.905,-71.403,58.7,3.1,md,15,184.7,,,us,usp000cyhg,2014-11-07T01:22:40.558Z,"38 km SSW of Ovalle, Chile",earthquake,,,,,reviewed,guc,guc
2004-06-22T16:10:45.500Z,-31.802,-70.254,119,2.5,md,7,195.1,,,us,usp000cyhf,2014-11-07T01:22:40.557Z,"67 km E of Salamanca, Chile",earthquake,,,,,reviewed,guc,guc
2004-06-22T15:43:18.610Z,14.101,-91.073,82.4,4,mb,28,128.8,,1.41,us,usp000cyhd,2014-11-07T01:22:40.553Z,"2 km NW of La Gomera, Guatemala",earthquake,,10.2,,4,reviewed,us,us
2004-06-22T15:25:51.574Z,51.3161,178.6413,76.1,2.6,ml,,,,0.22,ak,ak004800lcvp,2019-02-13T01:13:28.482Z,"Rat Islands, Aleutian Islands, Alaska",earthquake,,2632.9,,,reviewed,ak,ak
2004-06-22T15:11:10.040Z,-17.954,-178.121,459.6,4.3,mb,51,119.1,,1.07,us,usp000cyhc,2014-11-07T01:22:40.546Z,"271 km E of Levuka, Fiji",earthquake,,29.7,,12,reviewed,us,us
2004-06-22T14:38:58.650Z,27.835,36.966,10,4.7,mb,190,60.2,,1.05,us,usp000cyhb,2014-11-07T01:22:40.531Z,"73 km SSE of Tabuk, Saudi Arabia",earthquake,,,,37,reviewed,us,us
2004-06-22T13:52:41.600Z,16.205,-98.079,12.1,4.1,md,11,191.1,,,us,usp000cyh9,2014-11-07T01:22:40.528Z,"7 km SW of El Carrizo, Mexico",earthquake,,,,,reviewed,unm,unm
2004-06-22T11:45:46.530Z,-29.642,-179.967,409.5,4.5,mb,34,123.9,,1.32,us,usp000cyh6,2014-11-07T01:22:40.521Z,"Kermadec Islands region",earthquake,,30.6,,14,reviewed,us,us
2004-06-22T10:43:41.850Z,-10.651,165.738,161.6,4.7,mb,38,100.2,,0.9,us,usp000cyh3,2014-11-07T01:22:40.513Z,"10 km NW of Lata, Solomon Islands",earthquake,,36.7,,14,reviewed,us,us
2004-06-22T10:34:35.100Z,-31.676,-70.086,137.1,3.4,md,9,212.9,,,us,usp000cyh2,2014-11-07T01:22:40.512Z,"73 km WSW of Calingasta, Argentina",earthquake,,,,,reviewed,guc,guc
2004-06-22T10:29:15.150Z,-23.402,-179.873,536.9,4.5,mb,35,89.1,,0.86,us,usp000cyh1,2014-11-07T01:22:40.508Z,"south of the Fiji Islands",earthquake,,23.7,,14,reviewed,us,us
2004-06-22T10:27:45.972Z,40.7698,-119.2639,8.2,2.7,ml,6,138.44,0.317,0.1807,nn,nn00107149,2018-04-24T21:13:30.789Z,"3 km W of Burning Man Earth, Nevada",earthquake,,5.1,,,reviewed,nn,nn
2004-06-22T10:13:32.120Z,-20.931,-178.222,570,4.3,mb,10,142.4,,1.12,us,usp000cygx,2014-11-07T01:22:40.489Z,"Fiji region",earthquake,,,,1,reviewed,us,us
2004-06-22T10:01:18.630Z,-22.279,-176.506,152.5,4.4,mb,24,119.1,,1.41,us,usp000cygw,2014-11-07T01:22:40.487Z,"182 km SW of Vaini, Tonga",earthquake,,,,7,reviewed,us,us
2004-06-22T09:48:55.260Z,35.268,-4.246,0,3.4,mblg,6,301.1,,,us,usp000cygv,2014-11-07T01:22:40.485Z,"26 km W of Tirhanimîne, Morocco",earthquake,,,,,reviewed,mdd,mdd
2004-06-22T09:46:57.540Z,-17.806,-178.165,565,4,mb,14,142.2,,0.44,us,usp000cygu,2014-11-07T01:22:40.483Z,"268 km E of Levuka, Fiji",earthquake,,,,3,reviewed,us,us
2004-06-22T09:27:06.040Z,-17.092,-178.921,565,4.3,mb,12,224.8,,0.52,us,usp000cygt,2014-11-07T01:22:40.481Z,"196 km ESE of Labasa, Fiji",earthquake,,,,1,reviewed,us,us
2004-06-22T09:23:03.930Z,-4.648,153.745,119,4.4,mb,11,182.2,,0.78,us,usp000cygs,2014-11-07T01:22:40.478Z,"167 km ESE of Kokopo, Papua New Guinea",earthquake,,19.7,,3,reviewed,us,us
2004-06-22T09:04:43.870Z,-10.902,166.259,152.8,5.9,mwc,349,23.7,,0.89,us,usp000cygr,2022-05-02T17:14:09.504Z,"54 km ESE of Lata, Solomon Islands",earthquake,,,,,reviewed,us,hrv
2004-06-22T08:55:28.230Z,32.528,-104.584,5,3.7,mblg,12,82.5,,0.65,us,usp000cygp,2014-11-07T01:22:40.419Z,"32 km SW of Atoka, New Mexico",earthquake,,,,,reviewed,us,us
2004-06-22T08:18:44.800Z,-32.242,-71.722,28,2.6,ml,8,216.1,,,us,usp000cygn,2014-11-07T01:22:40.418Z,"51 km WNW of La Ligua, Chile",earthquake,,,,,reviewed,guc,guc
2004-06-22T08:06:23.600Z,41.295,-127.144,10,4,mb,50,206.7,,0.9,us,usp000cygm,2014-11-07T01:22:40.413Z,"250 km WSW of Crescent City, California",earthquake,,,,4,reviewed,us,us
2004-06-22T07:23:03.690Z,43.392,17.344,11,2.5,ml,11,164.9,,,us,usp000cygg,2014-11-07T01:22:40.393Z,"4 km NNE of Drinovci, Bosnia and Herzegovina",earthquake,,,,,reviewed,pdg,zag
2004-06-22T06:40:37.330Z,-18.561,-178.285,493.4,4.2,mb,17,118.8,,0.89,us,usp000cyge,2014-11-07T01:22:40.349Z,"259 km ESE of Levuka, Fiji",earthquake,,73.8,,3,reviewed,us,us
2004-06-22T06:10:45.790Z,25.079,-109.277,38.7,4.6,mb,105,172.8,,0.97,us,usp000cygd,2014-11-07T01:22:40.333Z,"62 km SSW of Topolobampo, Mexico",earthquake,,5.3,,27,reviewed,us,us
2004-06-22T06:07:42.170Z,41.308,-127.138,10,3.6,mb,32,192.7,,0.76,us,usp000cygc,2014-11-07T01:22:40.330Z,"250 km WSW of Crescent City, California",earthquake,,,,6,reviewed,us,us
2004-06-22T06:05:40.337Z,51.5114,178.9168,81.3,3.1,ml,,,,0.65,ak,ak0047zv458x,2019-02-13T01:13:26.195Z,"Rat Islands, Aleutian Islands, Alaska",earthquake,,7.3,,,reviewed,ak,ak
2004-06-22T05:59:15.860Z,41.417,-127.119,10,4.9,mwr,113,191.9,,1.03,us,usp000cyga,2014-11-07T01:22:40.320Z,"245 km WSW of Pistol River, Oregon",earthquake,,,,,reviewed,us,brk
2004-06-22T05:52:10.018Z,62.8486,-143.615,0.8,2.8,ml,,,,0.87,ak,ak0047zuspyh,2019-02-13T01:13:19.025Z,"11 km SE of Mentasta Lake, Alaska",earthquake,,0.5,,,reviewed,ak,ak
2004-06-22T05:41:35.560Z,41.307,-127.28,10,4.8,mwr,107,193.3,,1.08,us,usp000cyg8,2014-11-07T01:22:40.309Z,"261 km WSW of Crescent City, California",earthquake,,,,,reviewed,us,brk
2004-06-22T05:14:18.700Z,-37.27,177.81,58,4.3,mb,50,179.5,,,us,usp000cyg6,2014-11-07T01:22:40.303Z,"94 km NNE of Opotiki, New Zealand",earthquake,,,,2,reviewed,wel,us
2004-06-22T05:02:50.700Z,16.706,-95.055,109.1,4.4,md,38,87.8,,,us,usp000cyg5,2014-11-07T01:22:40.299Z,"10 km SSE of Colonia Progreso, Mexico",earthquake,,,,,reviewed,unm,unm
2004-06-22T05:02:06.470Z,41.489,-127.032,10,3.8,mb,8,220.6,,1.32,us,usp000cyg4,2014-11-07T01:22:40.298Z,"235 km WSW of Pistol River, Oregon",earthquake,,,,2,reviewed,us,us
2004-06-22T05:00:52.990Z,41.511,-127.066,10,3.4,mb,11,228.9,,1,us,usp000cyg3,2014-11-07T01:22:40.296Z,"237 km WSW of Pistol River, Oregon",earthquake,,,,1,reviewed,us,us
2004-06-22T04:57:31.560Z,41.407,-127.148,10,3.8,mb,27,214.4,,1.24,us,usp000cyg2,2014-11-07T01:22:40.294Z,"248 km WSW of Pistol River, Oregon",earthquake,,,,5,reviewed,us,us
2004-06-22T04:53:42.900Z,37.6,23.7,17,2.6,md,4,310.5,,,us,usp000cyg1,2014-11-07T01:22:40.292Z,"24 km ENE of Póros, Greece",earthquake,,,,,reviewed,ath,ath
2004-06-22T04:46:16.660Z,41.466,-127.11,10,4.2,mb,33,213.3,,0.99,us,usp000cyg0,2014-11-07T01:22:40.289Z,"242 km WSW of Pistol River, Oregon",earthquake,,,,4,reviewed,us,us
2004-06-22T04:43:49.960Z,-5.551,151.338,69.4,4.1,mb,9,175.7,,0.72,us,usp000cyfz,2014-11-07T01:22:40.288Z,"132 km E of Kimbe, Papua New Guinea",earthquake,,23.5,,2,reviewed,us,us
2004-06-22T04:34:35.900Z,18.705,-104.623,10,4.3,md,7,258.8,,,us,usp000cyfx,2014-11-07T01:22:40.285Z,"51 km SSW of El Naranjo, Mexico",earthquake,,,,,reviewed,unm,unm
2004-06-22T03:37:40.430Z,-30.457,-177.949,10,5,mb,18,133.5,,1.46,us,usp000cyfv,2014-11-07T01:22:40.281Z,"Kermadec Islands, New Zealand",earthquake,,,,2,reviewed,us,us
2004-06-22T03:34:00.100Z,13.065,-89.264,51.4,4.1,md,10,212.9,,,us,usp000cyfu,2014-11-07T01:22:40.279Z,"47 km S of La Libertad, El Salvador",earthquake,,,,,reviewed,snet,snet
2004-06-22T03:26:01.300Z,38.06,20.6,5,3.3,md,5,210.1,,,us,usp000cyft,2014-11-07T01:22:40.278Z,"12 km S of Valsamáta, Greece",earthquake,,,,,reviewed,ath,ath
2004-06-22T03:12:24.200Z,-0.746,133.35,10,3.9,mb,8,202.8,,0.83,us,usp000cyfs,2014-11-07T01:22:40.277Z,"80 km W of Manokwari, Indonesia",earthquake,,,,2,reviewed,us,us
2004-06-22T03:04:00.800Z,51.53,16.143,5,3,ml,16,153.4,,0.69,us,usp000cyfr,2014-11-07T01:22:40.274Z,"5 km ENE of Polkowice, Poland",earthquake,,,,,reviewed,us,zamg
2004-06-22T02:46:24.451Z,60.5279,-151.1456,11.1,2.5,ml,,,,0.99,ak,ak0047zsz5yl,2019-02-13T01:13:18.049Z,"3 km W of Ridgeway, Alaska",earthquake,,0.4,,,reviewed,ak,ak
2004-06-22T02:41:54.970Z,-4.661,102.635,10,4.9,mb,46,79.9,,0.85,us,usp000cyfp,2014-11-07T01:22:40.266Z,"97 km SW of Pagar Alam, Indonesia",earthquake,,,,7,reviewed,us,us
2004-06-22T02:27:34.070Z,41.638,144.074,45.2,4.8,mwc,124,118.6,,0.96,us,usp000cyfm,2016-11-10T00:38:17.410Z,"150 km S of Kushiro, Japan",earthquake,,7.7,,,reviewed,us,hrv
2004-06-22T02:24:53.600Z,17.458,-94.664,160.5,3.8,md,5,269,,,us,usp000cyfk,2014-11-07T01:22:40.252Z,"7 km SE of Vicente Guerrero, Mexico",earthquake,,,,,reviewed,unm,unm
2004-06-22T02:17:28.500Z,41.72,144.151,10,4.9,mwc,264,80.5,,0.84,us,usp000cyfj,2016-11-10T00:38:16.781Z,"140 km S of Kushiro, Japan",earthquake,,,,,reviewed,us,hrv
2004-06-22T02:04:34.950Z,36.427,-8.826,0,3,m,6,312.6,,,us,usp000cyfh,2014-11-07T01:22:40.229Z,"65 km S of Sagres, Portugal",earthquake,,,,,reviewed,mdd,mdd
2004-06-22T01:59:31.370Z,41.345,144.033,10,4.1,mb,14,170.1,,1.05,us,usp000cyfg,2014-11-07T01:22:40.227Z,"176 km SE of Shizunai-furukawach?, Japan",earthquake,,,,3,reviewed,us,us
2004-06-22T01:49:58.200Z,48.654,8.952,8.5,3.2,ml,82,37.3,,,us,usp000cyfe,2014-11-07T01:22:40.212Z,"0 km SE of Ehningen, Germany",earthquake,,,,,reviewed,ldg,ldg
2004-06-22T01:47:14.440Z,-3.114,133.419,70,4.1,mb,9,210.5,,0.95,us,usp000cyfd,2014-11-07T01:22:40.211Z,"232 km W of Nabire, Indonesia",earthquake,,,,2,reviewed,us,us
2004-06-22T01:43:44.340Z,-18.852,-177.917,456.5,4.3,mb,33,118.8,,1.18,us,usp000cyfc,2014-11-07T01:22:40.208Z,"Fiji region",earthquake,,40.1,,10,reviewed,us,us
2004-06-22T01:33:09.751Z,61.6475,-151.226,83.8,3.2,ml,,,,0.6,ak,ak0047zsawwv,2019-02-13T01:13:17.350Z,"39 km SSE of Skwentna, Alaska",earthquake,,1.4,,,reviewed,ak,ak
2004-06-22T00:56:52.200Z,44.003,11.771,26.1,2.6,md,9,168.5,,,us,usp000cyfa,2014-11-07T01:22:40.202Z,"2 km NNW of Premilcuore, Italy",earthquake,,,,,reviewed,rom,rom
2004-06-22T00:08:02.560Z,-14.816,166.917,200,4.5,mb,12,194.7,,1.17,us,usp000cyf6,2014-11-07T01:22:40.195Z,"30 km NW of Port-Olry, Vanuatu",earthquake,,,,3,reviewed,us,us
2004-06-22T00:06:20.240Z,-19.863,-175.678,150,4.4,mb,12,187.3,,1.34,us,usp000cyf5,2014-11-07T01:22:40.193Z,"138 km W of Pangai, Tonga",earthquake,,,,2,reviewed,us,us
2004-06-21T23:32:05.300Z,52.857,6.413,5,3,ml,27,233.6,,,us,usp000cyf4,2014-11-07T01:22:40.188Z,"3 km NE of Dwingeloo, Netherlands",earthquake,,,,,reviewed,ldg,ldg
2004-06-21T23:10:02.200Z,47.5,7.7,22,4.1,ml,141,14.9,,,us,usp000cyf3,2014-11-07T01:22:40.170Z,"1 km WSW of Frenkendorf, Switzerland",earthquake,,,,,reviewed,zur,fbb
2004-06-21T22:33:41.610Z,-48.837,164.657,95.2,4.6,mb,24,132,,1.24,us,usp000cyf2,2014-11-07T01:22:40.167Z,"off the west coast of the South Island of New Zealand",earthquake,,21.1,,11,reviewed,us,us
2004-06-21T22:24:30.000Z,36.71,26.5,4,3,md,6,147.8,,,us,usp000cyf1,2014-11-07T01:22:40.166Z,"22 km NE of Astypálaia, Greece",earthquake,,,,,reviewed,ath,ath
2004-06-21T22:23:50.225Z,60.0638,-152.9821,115.5,2.7,ml,,,,0.36,ak,ak0047yh7m32,2019-02-13T01:13:08.058Z,"70 km ENE of Pedro Bay, Alaska",earthquake,,1.2,,,reviewed,ak,ak
2004-06-21T22:16:00.200Z,36.74,26.52,4,2.8,md,6,142.9,,,us,usp000cyez,2014-11-07T01:22:40.161Z,"25 km NE of Astypálaia, Greece",earthquake,,,,,reviewed,ath,ath
2004-06-21T22:09:55.630Z,-17.375,-173.198,10,4.3,mb,16,131.8,,1.17,us,usp000cyex,2014-11-07T01:22:40.158Z,"163 km NNE of Neiafu, Tonga",earthquake,,,,3,reviewed,us,us
2004-06-21T22:01:51.000Z,-10.434,160.578,35,4.3,mb,9,214.4,,1.45,us,usp000cyev,2014-11-07T01:22:40.155Z,"124 km SE of Malango, Solomon Islands",earthquake,,,,4,reviewed,us,us
2004-06-21T21:29:09.701Z,61.6458,-151.2251,79.7,5,mw,,,,0.7,ak,ak0047ygndne,2025-12-19T23:13:27.940Z,"39 km SSE of Skwentna, Alaska",earthquake,,1.6,,,reviewed,ak,ak
2004-06-21T21:27:06.540Z,-55.865,-27.689,132.5,4.6,mb,24,57.2,,1.08,us,usp000cyep,2014-11-07T01:22:40.114Z,"South Sandwich Islands region",earthquake,,28.6,,3,reviewed,us,us
2004-06-21T21:13:56.840Z,35.073,-4.063,0,3,m,6,296.6,,,us,usp000cyen,2014-11-07T01:22:40.112Z,"20 km W of Bni Bouayach, Morocco",earthquake,,,,,reviewed,mdd,mdd
2004-06-21T21:01:13.600Z,40.782,15.417,8.3,2.7,md,6,159.3,,,us,usp000cyem,2014-11-07T01:22:40.111Z,"1 km WSW of Castelgrande, Italy",earthquake,,,,,reviewed,rom,rom
2004-06-21T20:06:22.680Z,43.811,-105.27,0,3.5,ml,24,128.6,,0.96,rusms,rusms00003875,2022-06-09T21:12:36.067Z,"Wyoming",explosion,,,,,reviewed,us,us
2004-06-21T19:58:17.230Z,55.608,160.357,138.9,4.2,mb,17,129.8,,0.68,us,usp000cyek,2014-11-07T01:22:40.109Z,"45 km E of Atlasovo, Russia",earthquake,,13,,2,reviewed,us,us
2004-06-21T19:44:36.372Z,62.0837,-150.042,47.7,4.2,mb,,,,0.58,ak,ak0047yfjs8l,2019-03-19T20:19:35.139Z,"13 km SW of Susitna North, Alaska",earthquake,,0.9,,,reviewed,ak,ak
2004-06-21T18:35:33.770Z,60.2022,-147.7959,1,3,ml,,,,0.41,ak,ak0047yewezl,2019-02-13T01:13:05.493Z,"19 km NE of Chenega, Alaska",earthquake,,0,,,reviewed,ak,ak
2004-06-21T18:30:14.660Z,-59.192,149.69,10,4.8,mb,26,56.2,,1.38,us,usp000cyef,2014-11-07T01:22:40.093Z,"west of Macquarie Island",earthquake,,,,11,reviewed,us,us
2004-06-21T18:20:17.610Z,32.0846667,-115.8571667,6.784,2.66,ml,9,246,0.5637,0.28,ci,ci14067572,2016-02-16T03:52:02.479Z,"61km SSW of Progreso, B.C., MX",earthquake,1.87,26.01,0.429,12,reviewed,ci,ci
2004-06-21T18:07:33.530Z,43.848,-105.356,0,2.9,ml,10,132,,1.06,rusms,rusms00003874,2022-06-09T21:12:36.061Z,"15 km NE of Wright, Wyoming",explosion,,,,,reviewed,us,us
2004-06-21T18:00:56.520Z,35.055,-3.848,0,3.4,m,14,266.4,,,us,usp000cyed,2014-11-07T01:22:40.088Z,"5 km S of Bni Bouayach, Morocco",earthquake,,,,,reviewed,mdd,mdd
2004-06-21T17:16:42.860Z,11.468,-87.768,26.9,4.7,mb,96,83.3,,1.03,us,usp000cyec,2014-11-07T01:22:40.080Z,"129 km SSW of Corinto, Nicaragua",earthquake,,,,27,reviewed,us,us
2004-06-21T16:35:58.680Z,-23.662,-179.946,525,4.5,mb,12,190.8,,0.87,us,usp000cyeb,2014-11-07T01:22:40.079Z,"south of the Fiji Islands",earthquake,,,,3,reviewed,us,us
2004-06-21T16:05:59.740Z,-23.956,179.843,560,4.1,mb,15,188.3,,1.11,us,usp000cye7,2014-11-07T01:22:40.073Z,"south of the Fiji Islands",earthquake,,,,4,reviewed,us,us
2004-06-21T16:02:45.900Z,33.7108333,-116.0548333,12.651,2.97,ml,53,31,0.07746,0.19,ci,ci14067556,2016-04-02T07:03:00.170Z,"11km NE of Thermal, CA",earthquake,0.25,0.62,0.23,69,reviewed,ci,ci
2004-06-21T15:27:29.300Z,-41.937,-73.963,17.5,4.5,ml,9,207.9,,,us,usp000cye5,2014-11-07T01:22:40.070Z,"14 km WSW of Ancud, Chile",earthquake,,,,,reviewed,guc,guc
2004-06-21T15:01:17.700Z,-33.914,-70.687,98.3,3.1,md,8,97.6,,,us,usp000cye4,2014-11-07T01:22:40.068Z,"Region Metropolitana, Chile",earthquake,,,,,reviewed,guc,guc
2004-06-21T14:00:30.600Z,38.19,23.18,7,2.5,md,4,304.5,,,us,usp000cye0,2014-11-07T01:22:40.063Z,"6 km SSW of Kaparéllion, Greece",earthquake,,,,,reviewed,ath,ath
2004-06-21T13:55:03.100Z,36.2,28.09,45,3.2,md,11,136.1,,,us,usp000cydz,2014-11-07T01:22:40.060Z,"2 km SW of Archángelos, Greece",earthquake,,,,,reviewed,ath,ath
2004-06-21T12:44:17.000Z,43.661,10.227,7.4,2.7,ml,20,86.4,,,us,usp000cydx,2014-11-07T01:22:40.055Z,"3 km W of Marina di Pisa, Italy",earthquake,,,,,reviewed,rom,ldg
2004-06-21T12:12:39.220Z,32.2981667,-115.3108333,7.005,2.87,ml,17,241,0.496,0.4,ci,ci14067512,2016-04-02T00:36:03.260Z,"13km WSW of Delta, B.C., MX",earthquake,2.42,33.57,0.252,24,reviewed,ci,ci
2004-06-21T12:11:14.470Z,-55.327,-27.577,55,4.6,mb,17,117.1,,1.1,us,usp000cydv,2014-11-07T01:22:39.995Z,"South Sandwich Islands region",earthquake,,29.6,,1,reviewed,us,us
2004-06-21T12:07:05.210Z,20.693,-174.971,10,4.1,mb,12,170.4,,0.5,us,usp000cydt,2014-11-07T01:22:39.987Z,"Hawaiian Islands region",earthquake,,,,4,reviewed,us,us
2004-06-21T12:03:43.400Z,39.14,20.64,5,3.4,md,13,129.2,,,us,usp000cyds,2014-11-07T01:22:39.975Z,"8 km W of Néos Oropós, Greece",earthquake,,,,,reviewed,ath,ath
2004-06-21T11:57:40.410Z,19.3375,-155.1251667,8.738,2.53,ml,35,176,,0.09,hv,hv5375964,2020-03-31T21:10:47.090Z,"14 km S of Fern Forest, Hawaii",earthquake,0.46,0.41,0.14,9,reviewed,hv,hv
2004-06-21T11:56:49.480Z,39.057,20.487,20,3.2,md,11,146.3,,,us,usp000cydr,2014-11-07T01:22:39.973Z,"21 km SSW of Kanaláki, Greece",earthquake,,,,,reviewed,the,ath
2004-06-21T09:22:08.000Z,38.19,23.11,5,2.7,md,4,307.7,,,us,usp000cydm,2014-11-07T01:22:39.964Z,"10 km WSW of Kaparéllion, Greece",earthquake,,,,,reviewed,ath,ath
2004-06-21T08:55:24.400Z,-32.562,-69.993,117.8,3.6,md,14,219.8,,,us,usp000cydj,2014-11-07T01:22:39.960Z,"64 km ENE of Los Andes, Chile",earthquake,,,,,reviewed,guc,guc
2004-06-21T08:49:55.520Z,-6.377,148.601,55,4.7,mb,16,135.5,,0.49,us,usp000cydh,2014-11-07T01:22:39.951Z,"85 km ENE of Finschhafen, Papua New Guinea",earthquake,,8.1,,7,reviewed,us,us
2004-06-21T07:43:35.270Z,41.06,20.569,1.6,3.5,md,21,111.4,,1.31,us,usp000cydf,2014-11-07T01:22:39.937Z,"2 km ESE of Përrenjas-Fshat, Albania",earthquake,,10.9,,,reviewed,us,ath
2004-06-21T07:29:41.310Z,34.564,82.965,45.8,4,mb,16,158.1,,0.61,us,usp000cydd,2014-11-07T01:22:39.928Z,"western Xizang",earthquake,,17.1,,1,reviewed,us,us
2004-06-21T07:01:26.250Z,35.384,-3.954,0,3.2,m,6,278.1,,,us,usp000cydc,2014-11-07T01:22:39.926Z,"14 km N of Al Hoceïma, Morocco",earthquake,,,,,reviewed,mdd,mdd
2004-06-21T07:01:24.390Z,27.954,139.467,492.3,4.3,mb,68,96.2,,0.62,us,usp000cydb,2014-11-07T01:22:39.916Z,"Bonin Islands, Japan region",earthquake,,,,26,reviewed,us,us
2004-06-21T06:45:25.320Z,6.336,-72.563,186.6,4,mb,6,187.4,,1.24,us,usp000cyda,2014-11-07T01:22:39.914Z,"1 km N of La Uvita, Colombia",earthquake,,16.1,,2,reviewed,us,us
2004-06-21T06:05:26.600Z,48.997,-1.594,7.2,2.6,ml,12,227.3,,,us,usp000cyd9,2014-11-07T01:22:39.911Z,"5 km W of Montmartin-sur-Mer, France",earthquake,,,,,reviewed,ldg,ldg
2004-06-21T06:02:32.770Z,51.631,16.148,5,3.2,ml,21,94.9,,0.88,us,usp000cyd8,2014-11-07T01:22:39.907Z,"3 km NNW of Gr?bocice, Poland",earthquake,,,,,reviewed,us,zamg
2004-06-21T05:00:07.400Z,35.34,27.12,31,3.2,md,4,239.5,,,us,usp000cyd6,2014-11-07T01:22:39.904Z,"19 km ESE of Fry, Greece",earthquake,,,,,reviewed,ath,ath
2004-06-21T04:16:11.233Z,60.9245,-147.0145,1,2.5,ml,,,,0.44,ak,ak0047y6g86b,2019-02-13T01:13:03.521Z,"19 km WNW of Tatitlek, Alaska",earthquake,,0,,,reviewed,ak,ak
2004-06-21T04:12:33.260Z,34.964,-3.883,0,3.1,m,5,322.2,,,us,usp000cyd4,2014-11-07T01:22:39.899Z,"16 km SSW of Bni Bouayach, Morocco",earthquake,,,,,reviewed,mdd,mdd
2004-06-21T04:02:26.080Z,-20.478,169.401,35.4,4.8,mb,69,70,,1.12,us,usp000cyd3,2014-11-07T01:22:39.838Z,"104 km S of Isangel, Vanuatu",earthquake,,,,22,reviewed,us,us
2004-06-21T03:52:57.750Z,-23.841,-179.804,476.1,4.6,mb,76,118.8,,0.83,us,usp000cyd2,2014-11-07T01:22:39.829Z,"south of the Fiji Islands",earthquake,,17.1,,24,reviewed,us,us
2004-06-21T03:16:21.450Z,34.926,-3.868,0,3.3,m,7,286.8,,,us,usp000cyd0,2014-11-07T01:22:39.825Z,"20 km S of Bni Bouayach, Morocco",earthquake,,,,,reviewed,mdd,mdd
2004-06-21T02:49:25.980Z,19.156,-64.471,55.3,3.5,md,10,335.5,,,us,usp000cycy,2014-11-07T01:22:39.800Z,"97 km NNE of Cruz Bay, U.S. Virgin Islands",earthquake,,,,,reviewed,rspr,rspr
2004-06-21T02:18:18.700Z,38.37,22.03,25,3,md,5,114.5,,,us,usp000cycx,2014-11-07T01:22:39.798Z,"8 km NNE of Kamárai, Greece",earthquake,,,,,reviewed,ath,ath
2004-06-21T02:16:28.730Z,-17.006,-177.214,40,4.4,mb,15,122.8,,1.05,us,usp000cycw,2014-11-07T01:22:39.752Z,"Fiji region",earthquake,,,,5,reviewed,us,us
2004-06-21T01:44:29.110Z,44.814,8.863,15.2,2.6,ml,40,112.6,,,us,usp000cycv,2014-11-07T01:22:39.746Z,"0 km E of Villalvernia, Italy",earthquake,,,,,reviewed,gen,gen
2004-06-21T01:36:56.600Z,46.026,-0.138,3,3.3,ml,44,35.1,,,us,usp000cycu,2014-11-07T01:22:39.729Z,"10 km SSW of Chef-Boutonne, France",earthquake,,,,,reviewed,ldg,str
2004-06-21T01:11:15.530Z,-26.621,179.492,479.5,4.1,mb,12,198.9,,1.03,us,usp000cycr,2014-11-07T01:22:39.718Z,"south of the Fiji Islands",earthquake,,55.8,,3,reviewed,us,us
2004-06-21T00:59:12.940Z,18.345,-67.746,20.2,2.7,md,6,337.9,,,us,usp000cycq,2014-11-07T01:22:39.714Z,"52 km W of Rincón, Puerto Rico",earthquake,,,,,reviewed,rspr,rspr
2004-06-21T00:31:01.970Z,53.619,-165.325,19.6,2.7,ml,12,248.8,,,us,usp000cycp,2019-02-13T01:13:08.433Z,"64 km SSE of Akutan, Alaska",earthquake,,,,,reviewed,aeic,aeic
2004-06-21T00:29:52.590Z,53.612,-165.282,17.3,3.1,ml,20,217.3,,,us,usp000cycm,2019-02-13T01:13:02.304Z,"66 km SSE of Akutan, Alaska",earthquake,,,,,reviewed,aeic,aeic
2004-06-21T00:19:56.470Z,3.091,122.753,550,4,mb,12,169.1,,0.62,us,usp000cyck,2014-11-07T01:22:39.708Z,"284 km N of Gorontalo, Indonesia",earthquake,,,,1,reviewed,us,us
2004-06-21T00:07:08.175Z,64.0585,-151.4416,20.5,2.8,ml,,,,0.57,ak,ak0047y40k2p,2019-02-13T01:13:01.725Z,"46 km ENE of Lake Minchumina, Alaska",earthquake,,9,,,reviewed,ak,ak
2004-06-21T00:02:02.250Z,-17.743,-178.228,600,4.5,mb,11,228.1,,0.68,us,usp000cych,2014-11-07T01:22:39.705Z,"262 km E of Levuka, Fiji",earthquake,,,,2,reviewed,us,us
2004-06-20T23:53:21.700Z,38.29,21.73,21,3,md,5,139.4,,,us,usp000cycg,2014-11-07T01:22:39.703Z,"4 km W of Río, Greece",earthquake,,,,,reviewed,ath,ath
2004-06-20T23:32:02.098Z,57.5149,-158.1152,0.2,2.5,ml,,,,0.7,ak,ak0047wubixd,2019-02-13T01:12:55.483Z,"32 km W of Pilot Point, Alaska",earthquake,,1.8,,,reviewed,ak,ak
2004-06-20T22:57:22.890Z,17.816,-66.067,1.6,3,md,10,221,,,us,usp000cyc9,2014-11-07T01:22:39.693Z,"16 km S of Arroyo, Puerto Rico",earthquake,,,,,reviewed,rspr,rspr
2004-06-20T22:47:05.410Z,34.936,-3.876,3.9,4.1,mb,111,144.8,,,us,usp000cyc8,2014-11-07T01:22:39.682Z,"19 km S of Bni Bouayach, Morocco",earthquake,,,,7,reviewed,mdd,us
2004-06-20T22:04:28.650Z,36.568,71.315,80.2,4.3,mb,26,168.5,,1.05,us,usp000cyc6,2014-11-07T01:22:39.678Z,"23 km WSW of Ashk?sham, Afghanistan",earthquake,,22,,7,reviewed,us,us
2004-06-20T21:40:10.860Z,-12.069,166.142,100,4.2,mb,11,175.8,,1.02,us,usp000cyc4,2014-11-07T01:22:39.676Z,"153 km SSE of Lata, Solomon Islands",earthquake,,,,3,reviewed,us,us
2004-06-20T21:16:47.610Z,-5.579,154.198,268.7,4.8,mb,21,126.5,,0.87,us,usp000cyc1,2014-11-07T01:22:39.670Z,"164 km WNW of Panguna, Papua New Guinea",earthquake,,19.7,,10,reviewed,us,us
2004-06-20T19:47:52.200Z,28.827,139.334,456.9,3.9,mb,16,122.2,,0.52,us,usp000cyc0,2014-11-07T01:22:39.668Z,"Bonin Islands, Japan region",earthquake,,10.6,,1,reviewed,us,us
2004-06-20T19:32:12.400Z,46.6288333,-121.889,2.366,2.6,md,53,48,,0.2,uw,uw10612608,2016-07-23T02:06:44.530Z,"16 km W of Packwood, Washington",earthquake,0.347,0.67,0.04,11,reviewed,uw,uw
2004-06-20T19:18:48.100Z,18.46,-68.723,134.6,4.1,md,34,41.7,,0.92,us,usp000cyby,2014-11-07T01:22:39.573Z,"6 km WNW of San Rafael del Yuma, Dominican Republic",earthquake,,,,,reviewed,us,rspr
2004-06-20T18:39:28.700Z,-3.24,136.465,96.3,4.3,mb,7,162.2,,0.79,us,usp000cybw,2014-11-07T01:22:39.565Z,"107 km E of Nabire, Indonesia",earthquake,,40.1,,1,reviewed,us,us
2004-06-20T18:36:11.300Z,-37.44,177.26,145,3.7,mb,22,115.4,,,us,usp000cybv,2014-11-07T01:22:39.492Z,"62 km NNE of Whakatane, New Zealand",earthquake,,,,1,reviewed,wel,us
2004-06-20T18:16:22.040Z,30.386,138.613,420,4.1,mb,14,164.9,,0.59,us,usp000cybu,2014-11-07T01:22:39.489Z,"Izu Islands, Japan region",earthquake,,12.3,,3,reviewed,us,us
2004-06-20T18:14:26.520Z,-23.113,179.193,517.6,4.2,mb,25,124.8,,1.14,us,usp000cybt,2014-11-07T01:22:39.485Z,"south of the Fiji Islands",earthquake,,32.1,,5,reviewed,us,us
2004-06-20T18:04:36.550Z,43.773,-105.276,0,3.3,ml,18,106,,1.03,rusms,rusms00003873,2022-06-09T21:12:36.049Z,"17 km E of Wright, Wyoming",explosion,,,,,reviewed,us,us
2004-06-20T17:47:05.980Z,30.713,142.076,10,4.3,mb,16,136.3,,0.62,us,usp000cybs,2014-11-07T01:22:39.413Z,"Izu Islands, Japan region",earthquake,,,,1,reviewed,us,us
2004-06-20T17:38:45.300Z,43.025,0.133,10,3,ml,55,39.8,,,us,usp000cybr,2014-11-07T01:22:39.405Z,"3 km WNW of Campan, France",earthquake,,,,,reviewed,ldg,ldg
2004-06-20T17:13:30.460Z,35.442,-3.819,10,3.3,ml,28,255.6,,1.15,us,usp000cybq,2014-11-07T01:22:39.400Z,"23 km NNE of Al Hoceïma, Morocco",earthquake,,,,,reviewed,us,ldg
2004-06-20T17:12:17.120Z,35.359,-3.866,17.5,3.4,m,8,278.9,,,us,usp000cybp,2014-11-07T01:22:39.398Z,"13 km NNE of Al Hoceïma, Morocco",earthquake,,,,,reviewed,mdd,mdd
2004-06-20T16:46:45.020Z,35.315,-3.839,30.4,3.5,m,6,279.8,,,us,usp000cybn,2014-11-07T01:22:39.396Z,"11 km NE of Al Hoceïma, Morocco",earthquake,,,,,reviewed,mdd,mdd
2004-06-20T16:32:31.500Z,36.687,15.991,10,2.8,md,4,292,,,us,usp000cybm,2014-11-07T01:22:39.395Z,"75 km ESE of Carrozziere, Italy",earthquake,,,,,reviewed,rom,rom
2004-06-20T15:36:56.060Z,-15.395,-71.607,148.9,4,mb,13,141.9,,1.38,us,usp000cybj,2014-11-07T01:22:39.392Z,"16 km NNW of Tuti, Peru",earthquake,,12.9,,3,reviewed,us,us
2004-06-20T15:12:26.490Z,-2.389,68.623,10,4.5,mb,17,168.5,,0.85,us,usp000cybh,2014-11-07T01:22:39.389Z,"Carlsberg Ridge",earthquake,,,,2,reviewed,us,us
2004-06-20T15:00:04.430Z,13.481,-90.927,42.4,4.1,mb,22,178.7,,1.31,us,usp000cybg,2014-11-07T01:22:39.387Z,"50 km SSW of Puerto San José, Guatemala",earthquake,,20.5,,8,reviewed,us,us
2004-06-20T14:58:55.460Z,-34.725,-179.729,10,4.2,mb,13,191.7,,1.23,us,usp000cybf,2014-11-07T01:22:39.385Z,"south of the Kermadec Islands",earthquake,,,,2,reviewed,us,us
2004-06-20T14:51:59.700Z,16.575,-95.487,71.5,3.8,md,4,168.5,,,us,usp000cybe,2014-11-07T01:22:39.384Z,"8 km NNW of Jalapa, Mexico",earthquake,,,,,reviewed,unm,unm
2004-06-20T14:25:22.030Z,35.444,-3.851,0,3.2,m,9,277.3,,,us,usp000cybc,2014-11-07T01:22:39.381Z,"22 km NNE of Al Hoceïma, Morocco",earthquake,,,,,reviewed,mdd,mdd
2004-06-20T14:21:55.610Z,18.076,-66.188,11.3,2.6,md,9,169.1,,,us,usp000cybb,2014-11-07T01:22:39.379Z,"3 km NNE of La Plena, Puerto Rico",earthquake,,,,,reviewed,rspr,rspr
2004-06-20T14:15:21.280Z,6.509,-73.217,138.6,3.9,mb,10,154,,0.56,us,usp000cyba,2014-11-07T01:22:39.378Z,"5 km WSW of Pinchote, Colombia",earthquake,,11.8,,2,reviewed,us,us
2004-06-20T14:00:43.960Z,-6.462,145.386,10,4.1,mb,10,140.2,,1.27,us,usp000cyb9,2014-11-07T01:22:39.376Z,"41 km S of Goroka, Papua New Guinea",earthquake,,,,1,reviewed,us,us
2004-06-20T14:00:03.900Z,17.963,-68.463,24.9,3.5,md,10,337.8,,,us,usp000cyb8,2014-11-07T01:22:39.375Z,"48 km SSE of Boca de Yuma, Dominican Republic",earthquake,,,,,reviewed,rspr,rspr
2004-06-20T13:24:38.880Z,46.255,-27.338,10,4.1,mb,56,98.8,,1.34,us,usp000cyb7,2014-11-07T01:22:39.370Z,"northern Mid-Atlantic Ridge",earthquake,,0,,21,reviewed,us,us
2004-06-20T13:17:13.350Z,-32.626,-71.986,12.7,4.4,ml,31,164.9,,0.71,us,usp000cyb6,2014-11-07T01:22:39.366Z,"56 km NW of Valparaíso, Chile",earthquake,,5.9,,,reviewed,us,guc
2004-06-20T12:27:28.370Z,38.963,70.819,45,3.8,mb,11,161.4,,1.16,us,usp000cyb4,2014-11-07T01:22:39.362Z,"39 km E of Rasht, Tajikistan",earthquake,,0,,1,reviewed,us,us
2004-06-20T12:13:03.590Z,27.18,140.248,453.7,4,mb,16,158.8,,0.78,us,usp000cyb3,2014-11-07T01:22:39.360Z,"Bonin Islands, Japan region",earthquake,,13.7,,1,reviewed,us,us
2004-06-20T12:11:19.844Z,61.6334,-151.329,1.1,2.5,ml,,,,1.02,ak,ak0047wnnals,2019-02-13T01:12:53.863Z,"39 km S of Skwentna, Alaska",earthquake,,0.3,,,reviewed,ak,ak
2004-06-20T11:54:03.170Z,-0.711,133.287,20.9,5.4,mwb,117,39.5,,1.09,us,usp000cyb1,2022-05-02T17:14:08.411Z,"88 km W of Manokwari, Indonesia",earthquake,,,,,reviewed,us,us
2004-06-20T11:52:46.290Z,-17.22,-178.654,468.1,3.8,mb,23,118.7,,0.73,us,usp000cyb0,2014-11-07T01:22:39.312Z,"228 km ESE of Labasa, Fiji",earthquake,,,,2,reviewed,us,us
2004-06-20T11:50:35.300Z,36.583,70.502,214.3,4.5,mb,35,69.5,,1.07,us,usp000cyaz,2014-11-07T01:22:39.308Z,"43 km SW of Jurm, Afghanistan",earthquake,,,,11,reviewed,us,us
2004-06-20T11:14:54.000Z,38.15,23.23,3,2.5,ml,9,115.6,,,us,usp000cyay,2014-11-07T01:22:39.307Z,"9 km WSW of Vília, Greece",earthquake,,,,,reviewed,ath,ath
2004-06-20T10:58:54.840Z,-3.54,138.3,74.1,3.8,mb,9,164.8,,1.44,us,usp000cyaw,2014-11-07T01:22:39.304Z,"279 km WSW of Abepura, Indonesia",earthquake,,44.3,,1,reviewed,us,us
2004-06-20T10:50:19.650Z,-4.909,149.666,388.9,3.7,mb,13,169.4,,0.79,us,usp000cyav,2014-11-07T01:22:39.302Z,"88 km NW of Kimbe, Papua New Guinea",earthquake,,10.5,,2,reviewed,us,us
2004-06-20T10:11:02.130Z,6.435,125.599,254,4.3,mb,28,133.5,,0.81,us,usp000cyas,2014-11-07T01:22:39.294Z,"2 km NNW of Malita, Philippines",earthquake,,26.9,,7,reviewed,us,us
2004-06-20T10:05:53.840Z,36.359,69.621,150,4.1,mb,26,164.5,,1.11,us,usp000cyar,2014-11-07T01:22:39.292Z,"31 km SW of Farkh?r, Afghanistan",earthquake,,,,4,reviewed,us,us
2004-06-20T09:45:26.580Z,-31.953,-70.99,76.5,3.7,md,24,115.7,,0.82,us,usp000cyaq,2014-11-07T01:22:39.289Z,"19 km S of Salamanca, Chile",earthquake,,,,,reviewed,us,guc
2004-06-20T09:42:36.200Z,-31.299,-71.695,21.5,4,ml,15,198.4,,,us,usp000cyap,2014-11-07T01:22:39.286Z,"62 km NW of Illapel, Chile",earthquake,,,,,reviewed,guc,guc
2004-06-20T09:26:24.610Z,0.455,126.179,60,4.3,mb,11,145,,0.42,us,usp000cyam,2014-11-07T01:22:39.282Z,"139 km WSW of Ternate, Indonesia",earthquake,,,,1,reviewed,us,us
2004-06-20T09:18:44.490Z,26.671,127.728,57.3,4,mb,20,135,,0.85,us,usp000cyak,2014-11-07T01:22:39.280Z,"26 km WNW of Nago, Japan",earthquake,,12.8,,2,reviewed,us,us
2004-06-20T08:51:01.890Z,0.509,125.998,4.5,5.1,mwc,89,67.7,,0.81,us,usp000cyaj,2025-12-19T23:13:27.194Z,"149 km SE of Tondano, Indonesia",earthquake,,17.4,,,reviewed,us,hrv
2004-06-20T08:34:44.990Z,27.815,96.67,28.5,4.4,mb,44,75.1,,0.92,us,usp000cyag,2014-11-07T01:22:39.266Z,"31 km SSE of Hayuliang, India",earthquake,,,,12,reviewed,us,us
2004-06-20T08:24:01.210Z,39.708,20.473,20,3,md,7,121.7,,,us,usp000cyaf,2014-11-07T01:22:39.264Z,"18 km NE of Filiátes, Greece",earthquake,,,,,reviewed,the,ath
2004-06-20T08:08:16.140Z,35.118,-4.286,59,2.9,m,9,294.3,,,us,usp000cyae,2014-11-07T01:22:39.262Z,"20 km N of Targuist, Morocco",earthquake,,,,,reviewed,mdd,mdd
2004-06-20T05:39:02.970Z,33.416,140.629,64.1,5.1,mwc,264,95.4,,0.74,us,usp000cyab,2025-12-19T23:13:26.359Z,"187 km SSE of Tateyama, Japan",earthquake,,,,,reviewed,us,hrv
2004-06-20T05:17:41.640Z,-5.618,147.463,194.4,3.8,mb,11,152.7,,1.41,us,usp000cyaa,2014-11-07T01:22:39.233Z,"112 km NNW of Finschhafen, Papua New Guinea",earthquake,,14.7,,2,reviewed,us,us
2004-06-20T05:11:23.320Z,52.321,-170.915,59.4,4.3,mb,76,137,,0.77,us,usp000cya8,2019-02-13T01:12:51.032Z,"155 km WSW of Nikolski, Alaska",earthquake,,3.4,,11,reviewed,us,us
2004-06-20T04:48:20.630Z,65.525,149.195,16.6,4.8,mb,131,53.1,,0.78,us,usp000cya7,2014-11-07T01:22:39.215Z,"81 km WSW of Zyryanka, Russia",earthquake,,,,45,reviewed,us,us
2004-06-20T04:19:42.142Z,60.9978,-147.1988,13.8,2.5,ml,,,,0.77,ak,ak0047wixl7q,2019-02-13T01:12:50.640Z,"31 km WNW of Tatitlek, Alaska",earthquake,,0.5,,,reviewed,ak,ak
2004-06-20T03:59:39.930Z,51.588,16.114,5,4,mb,85,43,,1.04,us,usp000cya6,2014-11-07T01:22:39.203Z,"3 km WSW of Gr?bocice, Poland",earthquake,,,,1,reviewed,us,us
2004-06-20T03:01:08.420Z,35.593,-10.262,10,4.6,m,67,146.9,,0.76,us,usp000cya4,2014-11-07T01:22:39.193Z,"196 km SW of Sagres, Portugal",earthquake,,,,,reviewed,us,mdd
2004-06-20T02:33:45.030Z,72.129,1.035,10,3.2,md,24,102.7,,1.23,us,usp000cya2,2014-11-07T01:22:39.189Z,"Norwegian Sea",earthquake,,,,,reviewed,us,ber
2004-06-20T02:31:35.130Z,36.965,-3.78,4.3,2.5,mblg,34,184,,,us,usp000cya1,2014-11-07T01:22:39.184Z,"4 km ENE of Jayena, Spain",earthquake,,,,,reviewed,mdd,mdd
2004-06-20T02:26:51.670Z,10.8,-85.943,10,4.1,mb,13,201.7,,1.31,us,usp000cya0,2014-11-07T01:22:39.182Z,"45 km NW of Sardinal, Costa Rica",earthquake,,0,,5,reviewed,us,us
2004-06-20T02:24:16.150Z,-17.757,-13.391,10,3.9,mb,14,111.5,,1.43,us,usp000cy9z,2014-11-07T01:22:39.180Z,"southern Mid-Atlantic Ridge",earthquake,,,,4,reviewed,us,us
2004-06-20T02:11:06.650Z,18.161,-68.296,5,3.3,md,5,349.5,,,us,usp000cy9y,2014-11-07T01:22:39.178Z,"40 km SE of Boca de Yuma, Dominican Republic",earthquake,,,,,reviewed,rspr,rspr
2004-06-20T01:46:47.566Z,59.8246,-153.1338,116.9,2.9,ml,,,,0.58,ak,ak0047whb35g,2019-02-13T01:12:49.889Z,"54 km E of Pedro Bay, Alaska",earthquake,,0.7,,,reviewed,ak,ak
2004-06-20T01:46:00.780Z,-20.265,-177.671,480.7,4.4,mb,28,79.8,,0.68,us,usp000cy9w,2014-11-07T01:22:39.170Z,"274 km WNW of Haveluloto, Tonga",earthquake,,16.2,,8,reviewed,us,us
2004-06-20T01:37:35.620Z,5.347,-82.551,10,5.8,mwb,333,49.3,,1.03,us,usp000cy9v,2022-05-02T17:14:07.210Z,"291 km SW of Arenas, Panama",earthquake,,,,,reviewed,us,us
2004-06-20T01:28:27.360Z,36.09,141.283,20.9,4.3,mb,26,134.9,,0.8,us,usp000cy9u,2014-11-07T01:22:39.137Z,"56 km NE of Hasaki, Japan",earthquake,,21.3,,5,reviewed,us,us
2004-06-20T00:47:31.760Z,-21.863,-179.484,599.3,5.3,mwc,225,33,,0.83,us,usp000cy9t,2025-12-19T23:13:25.620Z,"Fiji region",earthquake,,,,,reviewed,us,hrv
2004-06-20T00:44:03.240Z,19.19,-67.313,41,3.6,md,10,313.2,,,us,usp000cy9s,2014-11-07T01:22:39.113Z,"80 km NNW of San Antonio, Puerto Rico",earthquake,,,,,reviewed,rspr,rspr
2004-06-20T00:35:21.850Z,34.579,24.928,14.5,3.7,md,31,114.4,,1.09,us,usp000cy9r,2014-11-07T01:22:39.109Z,"51 km SSW of Pýrgos, Greece",earthquake,,7.7,,,reviewed,us,ath
2004-06-20T00:14:18.900Z,-37.8,177.56,49,3.8,ml,14,116,,,us,usp000cy9n,2014-11-07T01:22:39.104Z,"33 km NE of Opotiki, New Zealand",earthquake,,,,,reviewed,wel,wel
2004-06-20T00:02:51.800Z,40.504,26.978,20,3.6,md,5,317.3,,,us,usp000cy9m,2014-11-07T01:22:39.103Z,"28 km ENE of Gelibolu, Turkey",earthquake,,,,,reviewed,the,the
2004-06-19T22:01:02.800Z,52.294,-176.005,174,3.8,mb,21,158.4,,,us,usp000cy9g,2019-02-13T01:12:42.468Z,"63 km NE of Adak, Alaska",earthquake,,,,2,reviewed,aeic,us
2004-06-19T21:46:27.410Z,-7.767,108.003,78.8,4.4,mb,62,41.9,,0.94,us,usp000cy9f,2014-11-07T01:22:39.079Z,"47 km SSW of Singaparna, Indonesia",earthquake,,10.6,,9,reviewed,us,us
2004-06-19T21:45:45.980Z,0.44,121.924,140,4.8,mb,19,163.5,,1.02,us,usp000cy9e,2014-11-07T01:22:39.076Z,"127 km W of Gorontalo, Indonesia",earthquake,,,,5,reviewed,us,us
2004-06-19T21:44:54.450Z,41.162,20.002,11,4.2,ml,137,39.7,,,us,usp000cy9d,2014-11-07T01:22:39.063Z,"6 km SSE of Krrabë, Albania",earthquake,,,,,reviewed,pdg,ath
2004-06-19T21:38:46.340Z,39.895,24.525,3,2.9,ml,7,130.2,,,us,usp000cy9a,2014-11-07T01:22:39.057Z,"46 km W of Mýrina, Greece",earthquake,,,,,reviewed,the,the
2004-06-19T21:27:29.490Z,39.89,24.506,16,3.8,ml,55,75.3,,,us,usp000cy99,2014-11-07T01:22:39.052Z,"46 km SSE of Karyes, Greece",earthquake,,,,,reviewed,the,the
2004-06-19T21:27:26.630Z,-10.938,113.857,10,4.5,mb,8,203,,1.05,us,usp000cy98,2014-11-07T01:22:39.051Z,"277 km SSW of Jimbaran, Indonesia",earthquake,,,,2,reviewed,us,us
2004-06-19T21:26:53.970Z,6.72,-73.045,161,4.3,mb,15,82.5,,1.03,us,usp000cy97,2014-11-07T01:22:39.049Z,"4 km NW of Aratoca, Colombia",earthquake,,9.6,,1,reviewed,us,us
2004-06-19T20:37:40.620Z,40.2928333,-124.4526667,10.087,2.58,md,15,254,0.1198,0.16,nc,nc21371744,2017-01-07T16:10:12.260Z,"35 km SSW of Ferndale, California",earthquake,0.73,0.5,0.21,9,reviewed,nc,nc
2004-06-19T20:16:43.550Z,20.014,-70.706,25,4.1,md,11,350.3,,,us,usp000cy93,2014-11-07T01:22:39.040Z,"24 km N of Puerto Plata, Dominican Republic",earthquake,,,,,reviewed,rspr,rspr
2004-06-19T20:00:44.800Z,38.32,23.4,5,2.8,ml,14,102.1,,,us,usp000cy92,2014-11-07T01:22:39.039Z,"7 km E of Thívai, Greece",earthquake,,,,,reviewed,ath,ath
2004-06-19T19:36:33.801Z,51.4748,-179.3426,85.4,2.5,ml,,,,0.44,ak,ak0047v4fdbo,2019-02-13T01:12:48.136Z,"192 km WSW of Adak, Alaska",earthquake,,0.2,,,reviewed,ak,ak
2004-06-19T18:03:55.810Z,33.9741667,-118.3646667,11.833,2.52,ml,63,35,,0.26,ci,ci14067120,2016-04-01T21:21:32.465Z,"2km NW of Inglewood, CA",earthquake,0.38,0.61,0.253,87,reviewed,ci,ci
2004-06-19T17:15:12.766Z,58.1719,-151.2777,45.1,2.6,ml,,,,0.71,ak,ak0047v33ygc,2019-02-13T01:12:40.566Z,"77 km ENE of Ouzinkie, Alaska",earthquake,,8.4,,,reviewed,ak,ak
2004-06-19T17:04:10.380Z,11.343,125.375,88.9,4.2,mb,17,120.3,,0.8,us,usp000cy8y,2014-11-07T01:22:39.030Z,"17 km SW of Cabay, Philippines",earthquake,,18,,4,reviewed,us,us
2004-06-19T16:10:00.102Z,39.4679,-119.1456,12.9,2.9,ml,35,83.97,0.301,0.1417,nn,nn00107061,2018-04-24T21:13:23.199Z,"8 km NE of Silver Springs, Nevada",earthquake,,1.2,,,reviewed,nn,nn
2004-06-19T15:53:27.800Z,-31.614,-70.109,131.7,2.9,md,13,204.7,,,us,usp000cy8w,2014-11-07T01:22:39.027Z,"72 km WSW of Calingasta, Argentina",earthquake,,,,,reviewed,guc,guc
2004-06-19T15:41:59.740Z,-18.244,-171.828,10,4.7,mb,13,79.8,,1.23,us,usp000cy8v,2014-11-07T01:22:39.025Z,"232 km ENE of Neiafu, Tonga",earthquake,,,,1,reviewed,us,us
2004-06-19T14:19:22.460Z,13.382,-89.367,67.1,4.2,mb,37,105.6,,1.11,us,usp000cy8t,2014-11-07T01:22:39.020Z,"12 km SSW of La Libertad, El Salvador",earthquake,,4.4,,6,reviewed,us,us
2004-06-19T14:19:03.100Z,39.87,19.54,5,3.1,md,6,262.5,,,us,usp000cy8s,2014-11-07T01:22:39.018Z,"21 km NW of Agios Georgis, Greece",earthquake,,,,,reviewed,ath,ath
2004-06-19T14:07:02.290Z,18.326,-67.927,10.7,2.7,md,7,330.3,,,us,usp000cy8r,2014-11-07T01:22:39.017Z,"57 km ESE of Punta Cana, Dominican Republic",earthquake,,,,,reviewed,rspr,rspr
2004-06-19T12:45:43.590Z,-1.318,-80.642,23.7,3.6,mb,8,90.3,,1.26,us,usp000cy8n,2014-11-07T01:22:39.013Z,"7 km WNW of Jipijapa, Ecuador",earthquake,,29.4,,2,reviewed,us,us
2004-06-19T12:37:59.620Z,-5.664,151.504,61.6,4.8,mb,36,67.8,,1.25,us,usp000cy8m,2014-11-07T01:22:39.009Z,"151 km E of Kimbe, Papua New Guinea",earthquake,,10.1,,9,reviewed,us,us
2004-06-19T12:22:56.600Z,37.85,22.94,27,2.9,md,6,166.4,,,us,usp000cy8k,2014-11-07T01:22:39.008Z,"3 km NNE of Athíkia, Greece",earthquake,,,,,reviewed,ath,ath
2004-06-19T12:18:37.660Z,18.098,-68.378,105.2,3.7,md,10,337.3,,,us,usp000cy8j,2014-11-07T01:22:39.006Z,"39 km SE of Boca de Yuma, Dominican Republic",earthquake,,,,,reviewed,rspr,rspr
2004-06-19T12:12:00.790Z,-21.991,-67.335,189.7,4.8,mb,124,88.3,,0.91,us,usp000cy8h,2014-11-07T01:22:38.994Z,"135 km NE of San Pedro de Atacama, Chile",earthquake,,,,45,reviewed,us,us
2004-06-19T11:30:26.570Z,34.704,-3.991,0,3.6,m,11,290.2,,,us,usp000cy8f,2014-11-07T01:22:38.990Z,"39 km SE of Targuist, Morocco",earthquake,,,,,reviewed,mdd,mdd
2004-06-19T11:24:45.190Z,-21.927,-179.162,520.4,4.5,mb,43,118.9,,1.02,us,usp000cy8e,2014-11-07T01:22:38.985Z,"Fiji region",earthquake,,23.5,,15,reviewed,us,us
2004-06-19T11:08:22.160Z,36.74,71.223,263.3,3.4,mb,17,102.6,,0.93,us,usp000cy8d,2014-11-07T01:22:38.983Z,"28 km WNW of Ashk?sham, Afghanistan",earthquake,,22.8,,2,reviewed,us,us
2004-06-19T10:48:06.340Z,47.403,20.022,5,2.6,ml,12,159.6,,1.12,us,usp000cy8c,2014-11-07T01:22:38.981Z,"3 km SSW of Alattyán, Hungary",earthquake,,,,,reviewed,us,bud
2004-06-19T10:24:55.010Z,25.283,95.575,47.3,4.6,mb,56,99.6,,0.78,us,usp000cy8b,2014-11-07T01:22:38.976Z,"116 km ESE of Phek, India",earthquake,,7.4,,20,reviewed,us,us
2004-06-19T10:24:48.500Z,35.221,-0.984,10,3,ml,13,232,,,us,usp000cy8a,2014-11-07T01:22:38.974Z,"16 km ESE of Aïn Temouchent, Algeria",earthquake,,,,,reviewed,alg,alg
2004-06-19T10:24:28.691Z,59.8409,-152.103,57.4,2.5,ml,,,,0.76,ak,ak0047uyzvw5,2019-02-13T01:12:37.638Z,"16 km WNW of Anchor Point, Alaska",earthquake,,0.6,,,reviewed,ak,ak
2004-06-19T10:03:50.810Z,-5.642,151.502,57.7,5,mwc,35,67.8,,0.94,us,usp000cy89,2022-05-02T17:14:06.129Z,"151 km E of Kimbe, Papua New Guinea",earthquake,,9,,,reviewed,us,hrv
2004-06-19T09:51:00.620Z,-5.446,147.418,171.4,4.1,mb,10,160.6,,0.89,us,usp000cy87,2014-11-07T01:22:38.967Z,"131 km NNW of Finschhafen, Papua New Guinea",earthquake,,15.7,,3,reviewed,us,us
2004-06-19T09:44:35.000Z,35.13,22.72,21,3.6,md,24,194.9,,,us,usp000cy86,2014-11-07T01:22:38.965Z,"88 km W of Palaióchora, Greece",earthquake,,,,,reviewed,ath,ath
2004-06-19T09:27:11.689Z,51.3942,-179.5366,67.6,2.5,ml,,,,0.35,ak,ak0047uyf24g,2019-02-13T01:12:45.155Z,"207 km WSW of Adak, Alaska",earthquake,,25.2,,,reviewed,ak,ak
2004-06-19T09:04:07.100Z,-31.997,-68.242,145,3.5,md,6,272.2,,,us,usp000cy85,2014-11-07T01:22:38.964Z,"38 km S of Caucete, Argentina",earthquake,,,,,reviewed,guc,guc
2004-06-19T08:50:16.690Z,40.3243333,-124.4771667,18.537,2.55,md,10,275,0.1505,0.07,nc,nc21371629,2017-01-07T16:07:04.278Z,"33 km SSW of Ferndale, California",earthquake,4.09,0.65,0.08,12,reviewed,nc,nc
2004-06-19T08:08:50.600Z,37.96,26.56,16,3.8,ml,69,53,,,us,usp000cy83,2014-11-07T01:22:38.956Z,"22 km NW of Néon Karlovásion, Greece",earthquake,,,,,reviewed,ath,ath
2004-06-19T07:55:53.500Z,24.394,94.744,95.3,4.6,mb,16,171.2,,1,us,usp000cy82,2014-11-07T01:22:38.954Z,"72 km ESE of W?ngjing, India",earthquake,,11.7,,1,reviewed,us,us
2004-06-19T07:43:20.740Z,40.288,21.334,12,3,md,10,119.2,,,us,usp000cy80,2014-11-07T01:22:38.951Z,"3 km NNE of Tsotíli, Greece",earthquake,,,,,reviewed,the,ath
2004-06-19T07:27:33.500Z,-32.147,-71.439,43.9,3.5,md,4,233.6,,,us,usp000cy7z,2014-11-07T01:22:38.950Z,"39 km NNW of La Ligua, Chile",earthquake,,,,,reviewed,guc,guc
2004-06-19T07:03:52.660Z,37.382,141.019,85.7,4,mb,22,128.8,,0.95,us,usp000cy7y,2014-11-07T01:22:38.947Z,"11 km S of Namie, Japan",earthquake,,,,3,reviewed,us,us
2004-06-19T07:02:00.600Z,39.98,20.53,3,2.8,md,5,224.8,,,us,usp000cy7x,2014-11-07T01:22:38.946Z,"13 km NW of Kalpáki, Greece",earthquake,,,,,reviewed,ath,ath
2004-06-19T06:02:00.740Z,35.5535,-121.2771667,0.729,3.04,md,43,199,0.1559,0.1,nc,nc21371619,2017-01-07T16:06:43.580Z,"12 km SW of San Simeon, California",earthquake,0.4,1.04,0.08,66,automatic,nc,nc
2004-06-19T05:55:27.200Z,36.95,28.28,23,3.4,md,7,184.1,,,us,usp000cy7v,2014-11-07T01:22:38.944Z,"10 km N of Marmaris, Turkey",earthquake,,,,,reviewed,ath,ath
2004-06-19T05:45:41.970Z,42.252,142.736,65.6,4,mb,25,133.8,,1,us,usp000cy7u,2014-11-07T01:22:38.942Z,"31 km ESE of Shizunai-furukawach?, Japan",earthquake,,10.7,,3,reviewed,us,us
2004-06-19T05:33:59.750Z,42.961,-126.657,10,3.6,mb,52,205.4,,0.73,us,usp000cy7t,2014-11-07T01:22:38.938Z,"178 km W of Port Orford, Oregon",earthquake,,,,3,reviewed,us,us
2004-06-19T04:56:06.550Z,39.701,20.34,10,3.2,md,10,124.1,,,us,usp000cy7s,2014-11-07T01:22:38.936Z,"11 km NNE of Filiátes, Greece",earthquake,,,,,reviewed,the,ath
2004-06-19T04:03:52.200Z,19.157,-65.264,25.1,4.5,mb,86,108.6,,,us,usp000cy7p,2014-11-07T01:22:38.926Z,"94 km N of Culebra, Puerto Rico",earthquake,,,,36,reviewed,rspr,us
2004-06-19T03:22:15.500Z,39.399,16.744,5,3.1,md,14,163.8,,,us,usp000cy7n,2014-11-07T01:22:38.924Z,"2 km SSW of Bocchigliero, Italy",earthquake,,,,,reviewed,rom,rom
2004-06-19T02:53:08.070Z,22.844,121.412,56.8,4.3,mb,26,105.5,,0.98,us,usp000cy7m,2014-11-07T01:22:38.921Z,"102 km ESE of Yujing, Taiwan",earthquake,,11.3,,6,reviewed,us,us
2004-06-19T02:50:26.600Z,42.978,12.941,4.2,2.7,md,9,100.8,,,us,usp000cy7k,2014-11-07T01:22:38.920Z,"5 km WSW of Pie' del Sasso, Italy",earthquake,,,,,reviewed,rom,rom
2004-06-19T02:47:56.290Z,35.6688333,-121.112,5.595,2.54,md,62,121,0.03604,0.07,nc,nc21371581,2017-01-07T16:06:07.780Z,"7 km ENE of San Simeon, California",earthquake,0.12,0.27,0.11,62,reviewed,nc,nc
2004-06-19T01:50:31.750Z,24.587,125.718,38.7,4.3,mb,23,123.2,,1.04,us,usp000cy7g,2014-11-07T01:22:38.915Z,"48 km ESE of Hirara, Japan",earthquake,,,,6,reviewed,us,us
2004-06-19T01:12:53.840Z,35.5403333,-120.5628333,8.561,3.08,ml,74,37,0.1198,0.1,nc,nc21371575,2022-06-18T09:01:18.508Z,"4 km NW of Creston, California",earthquake,0.16,0.91,,6,reviewed,nc,nc
2004-06-19T00:48:38.100Z,-31.201,-67.837,5,4,ml,5,285.3,,,us,usp000cy7e,2014-11-07T01:22:38.912Z,"65 km NE of Caucete, Argentina",earthquake,,,,,reviewed,guc,guc
2004-06-19T00:16:30.600Z,19.8,-104.99,47.5,3.7,md,5,207.5,,,us,usp000cy7d,2014-11-07T01:22:38.911Z,"24 km ENE of José María Morelos, Mexico",earthquake,,,,,reviewed,unm,unm
2004-06-18T23:42:21.220Z,39.614,20.47,10,2.8,md,7,109.4,,,us,usp000cy7b,2014-11-07T01:22:38.908Z,"13 km E of Filiátes, Greece",earthquake,,,,,reviewed,the,ath
2004-06-18T23:35:58.910Z,39.675,20.399,10,3.2,md,12,118.8,,,us,usp000cy7a,2014-11-07T01:22:38.906Z,"11 km NE of Filiátes, Greece",earthquake,,,,,reviewed,the,ath
2004-06-18T23:19:18.600Z,39.09,19.78,21,3.3,md,8,216.4,,,us,usp000cy79,2014-11-07T01:22:38.905Z,"37 km WSW of Gáïos, Greece",earthquake,,,,,reviewed,ath,ath
2004-06-18T23:09:20.450Z,-25.106,-179.213,427.8,4.2,mb,20,187.3,,1.13,us,usp000cy78,2014-11-07T01:22:38.903Z,"south of the Fiji Islands",earthquake,,28.5,,4,reviewed,us,us
2004-06-18T22:46:15.450Z,-14.856,-177.757,415.6,4.1,mb,55,120.8,,0.89,us,usp000cy74,2014-11-07T01:22:38.894Z,"71 km SSE of Alo, Wallis and Futuna",earthquake,,20.9,,14,reviewed,us,us
2004-06-18T22:29:51.300Z,16.778,-94.96,109.7,3.7,md,4,214.7,,,us,usp000cy72,2014-11-07T01:22:38.891Z,"11 km NNW of Santiago Ixtaltepec, Mexico",earthquake,,,,,reviewed,unm,unm
2004-06-18T21:59:10.300Z,-32.219,-71.67,15.1,2.9,ml,7,235.1,,,us,usp000cy6z,2014-11-07T01:22:38.886Z,"48 km WNW of La Ligua, Chile",earthquake,,,,,reviewed,guc,guc
2004-06-18T21:40:37.500Z,16.86,-94.923,111.7,3.6,md,4,217.3,,,us,usp000cy6y,2014-11-07T01:22:38.885Z,"12 km ESE of El Bajío, Mexico",earthquake,,,,,reviewed,unm,unm
2004-06-18T21:30:59.770Z,51.772,16.421,5,2.8,m,7,233.3,,0.88,us,usp000cy6x,2014-11-07T01:22:38.883Z,"8 km ESE of Wschowa, Poland",earthquake,,,,,reviewed,us,war
2004-06-18T21:18:17.300Z,-30.879,-71.635,10.7,3.1,ml,4,248.9,,,us,usp000cy6w,2014-11-07T01:22:38.881Z,"51 km SW of Ovalle, Chile",earthquake,,,,,reviewed,guc,guc
2004-06-18T20:22:10.050Z,43.45,141.886,147.8,4.4,mb,53,133,,0.78,us,usp000cy6t,2014-11-07T01:22:38.875Z,"4 km SSW of Sunagawa, Japan",earthquake,,6.2,,22,reviewed,us,us
2004-06-18T19:22:44.780Z,19.773,-69.985,25,4.1,md,12,343.6,,,us,usp000cy6r,2014-11-07T01:22:38.872Z,"16 km NNW of Cabrera, Dominican Republic",earthquake,,,,,reviewed,rspr,rspr
2004-06-18T19:16:53.630Z,13.8,-90.619,52.8,4.5,md,21,148.2,,1.26,us,usp000cy6q,2014-11-07T01:22:38.869Z,"17 km SSE of Iztapa, Guatemala",earthquake,,14.6,,,reviewed,us,unm
2004-06-18T17:02:33.096Z,52.1725,-173.4844,1,2.5,ml,,,,0.74,ak,ak0047tfhv7x,2019-02-13T01:12:31.551Z,"49 km E of Atka, Alaska",earthquake,,0,,,reviewed,ak,ak
2004-06-18T16:52:25.180Z,37.2606667,-121.6426667,5.828,2.57,md,75,49,0.02432,0.04,nc,nc21371497,2017-01-07T16:03:00.630Z,"Northern California",earthquake,0.1,0.32,0.09,76,automatic,nc,nc
2004-06-18T16:48:08.320Z,-2.255,138.321,10,4.5,mb,26,104.9,,1.14,us,usp000cy6n,2014-11-07T01:22:38.863Z,"259 km W of Abepura, Indonesia",earthquake,,,,9,reviewed,us,us
2004-06-18T16:32:05.130Z,43.146,143.088,112.1,4.2,mb,31,155.7,,0.58,us,usp000cy6k,2014-11-07T01:22:38.859Z,"19 km NNW of Otofuke, Japan",earthquake,,12.3,,9,reviewed,us,us
2004-06-18T15:42:27.420Z,32.569,49.05,45,4.4,mb,16,203.9,,1.02,us,usp000cy6f,2014-11-07T01:22:38.849Z,"59 km ENE of Shahrak-e K?l?r?, Iran",earthquake,,,,1,reviewed,us,us
2004-06-18T15:32:30.690Z,11.121,125.099,155.6,4.2,mb,22,124.5,,0.84,us,usp000cy6e,2014-11-07T01:22:38.847Z,"8 km NE of Bislig, Philippines",earthquake,,47.7,,2,reviewed,us,us
2004-06-18T15:22:29.420Z,51.442,16.124,5,3.1,ml,13,209,,0.94,us,usp000cy6d,2014-11-07T01:22:38.845Z,"7 km NW of Lubin, Poland",earthquake,,,,,reviewed,us,zamg
2004-06-18T14:59:54.190Z,6.654,-72.992,151,4.8,mwc,186,46.5,,0.73,us,usp000cy6b,2016-11-10T00:37:57.309Z,"5 km SSE of Aratoca, Colombia",earthquake,,,,,reviewed,us,hrv
2004-06-18T14:15:30.200Z,52.69,-169.674,0.3,3.3,ml,15,201.4,,,us,usp000cy6a,2019-02-13T01:12:18.949Z,"61 km WSW of Nikolski, Alaska",earthquake,,,,,reviewed,aeic,aeic
2004-06-18T14:01:39.243Z,61.1716,-152.1599,107.9,3.3,ml,,,,0.59,ak,ak0047tdpd5w,2019-02-13T01:12:29.342Z,"56 km WNW of Tyonek, Alaska",earthquake,,1.6,,,reviewed,ak,ak
2004-06-18T13:22:41.810Z,-1.845,138.801,35,5.2,mwc,100,66.6,,0.81,us,usp000cy68,2022-05-02T17:14:04.917Z,"220 km WNW of Abepura, Indonesia",earthquake,,,,,reviewed,us,hrv
2004-06-18T12:59:05.440Z,-7.87,128.052,145,4.4,mb,7,155.6,,0.98,us,usp000cy67,2014-11-07T01:22:38.801Z,"136 km ENE of Lospalos, Timor Leste",earthquake,,,,1,reviewed,us,us
2004-06-18T12:37:06.300Z,38.16,23.17,9,2.5,ml,5,283.4,,,us,usp000cy66,2014-11-07T01:22:38.800Z,"9 km SSW of Kaparéllion, Greece",earthquake,,,,,reviewed,ath,ath
2004-06-18T11:49:08.620Z,33.1798333,-115.6045,3.723,3.03,ml,44,46,0.01551,0.26,ci,ci14066852,2016-04-02T10:19:47.564Z,"10km NW of Calipatria, CA",earthquake,0.3,0.74,0.203,62,reviewed,ci,ci
2004-06-18T11:09:56.880Z,-32.62,-178.135,10,4.3,mb,11,233.9,,0.49,us,usp000cy63,2014-11-07T01:22:38.795Z,"south of the Kermadec Islands",earthquake,,,,1,reviewed,us,us
2004-06-18T11:05:43.700Z,51.099,-178.736,6.5,2.5,ml,9,343.9,,,us,usp000cy62,2019-02-13T01:12:17.282Z,"169 km WSW of Adak, Alaska",earthquake,,,,,reviewed,aeic,aeic
2004-06-18T10:48:25.530Z,19.576,-66.24,25.1,2.8,md,6,322.2,,,us,usp000cy60,2014-11-07T01:22:38.791Z,"123 km N of Brenas, Puerto Rico",earthquake,,,,,reviewed,rspr,rspr
2004-06-18T10:46:49.100Z,16.2,-98.065,9.5,4.3,md,9,220.4,,,us,usp000cy5z,2014-11-07T01:22:38.790Z,"7 km SSW of El Carrizo, Mexico",earthquake,,,,,reviewed,unm,unm
2004-06-18T10:41:40.700Z,38.17,23.16,2,2.6,ml,5,292.2,,,us,usp000cy5y,2014-11-07T01:22:38.788Z,"8 km SSW of Kaparéllion, Greece",earthquake,,,,,reviewed,ath,ath
2004-06-18T10:31:15.380Z,-7.384,121.064,538.8,4.2,mb,9,144.8,,0.32,us,usp000cy5x,2014-11-07T01:22:38.787Z,"150 km NNE of Ruteng, Indonesia",earthquake,,24.1,,2,reviewed,us,us
2004-06-18T09:48:13.860Z,18.993,-67.453,24.9,3,md,8,314.6,,,us,usp000cy5v,2014-11-07T01:22:38.784Z,"66 km NW of San Antonio, Puerto Rico",earthquake,,,,,reviewed,rspr,rspr
2004-06-18T08:50:14.100Z,45.823,11.27,10,2.8,ml,9,211.5,,0.49,us,usp000cy5u,2014-11-07T01:22:38.782Z,"0 km SW of Laghi, Italy",earthquake,,,,,reviewed,us,zamg
2004-06-18T08:21:22.910Z,29.732,129.864,46.7,4.6,mb,46,126.3,,0.77,us,usp000cy5t,2014-11-07T01:22:38.777Z,"80 km SW of Kurio, Japan",earthquake,,6.2,,16,reviewed,us,us
2004-06-18T08:10:45.980Z,47.488,13.346,10,3.9,ml,101,18.5,,1.13,us,usp000cy5s,2014-11-07T01:22:38.765Z,"3 km NW of St. Martin of Tennengebirge, Austria",earthquake,,0,,,reviewed,us,zamg
2004-06-18T06:50:19.240Z,16.613,161.257,30.7,5.1,mwc,166,49.5,,0.75,us,usp000cy5r,2025-12-19T23:13:24.936Z,"Marshall Islands region",earthquake,,,,,reviewed,us,hrv
2004-06-18T06:44:13.810Z,43.976,-113.797,3.5,3.3,ml,21,55.2,,0.56,us,usp000cy5q,2014-11-07T01:22:38.741Z,"16 km WNW of Mackay, Idaho",earthquake,,7.5,,,reviewed,us,us
2004-06-18T06:13:24.108Z,52.6068,-171.5979,176.1,2.5,ml,,,,0.28,ak,ak0047t90fqy,2019-02-13T01:12:24.034Z,"182 km ENE of Atka, Alaska",earthquake,,1.8,,,reviewed,ak,ak
2004-06-18T05:46:10.800Z,18.302,-69.712,25,3.8,md,11,352.3,,,us,usp000cy5m,2014-11-07T01:22:38.736Z,"20 km SW of Boca Chica, Dominican Republic",earthquake,,,,,reviewed,rspr,rspr
2004-06-18T05:33:10.250Z,3.224,128.472,50,5.1,mwc,68,62,,1.07,us,usp000cy5k,2025-12-19T23:13:24.041Z,"173 km NNE of Tobelo, Indonesia",earthquake,,,,,reviewed,us,hrv
2004-06-18T05:30:41.800Z,38.64,20.45,2,3.1,md,6,168.3,,,us,usp000cy5j,2014-11-07T01:22:38.728Z,"30 km SW of Lefkáda, Greece",earthquake,,,,,reviewed,ath,ath
2004-06-18T04:35:31.840Z,1.088,125.293,24.2,4.8,mb,44,82.4,,0.95,us,usp000cy5g,2014-11-07T01:22:38.722Z,"48 km ESE of Tondano, Indonesia",earthquake,,,,11,reviewed,us,us
2004-06-18T03:21:38.220Z,51.536,176.242,52.7,3.6,ml,10,222.4,,,us,usp000cy5e,2019-02-13T01:12:22.592Z,"254 km SE of Attu Station, Alaska",earthquake,,,,,reviewed,aeic,aeic
2004-06-18T03:00:57.420Z,-32.61,-178.239,10,4.9,mb,12,197.3,,0.48,us,usp000cy5d,2014-11-07T01:22:38.718Z,"south of the Kermadec Islands",earthquake,,,,1,reviewed,us,us
2004-06-18T02:08:48.190Z,3.546,-82.422,25,4.4,mb,26,141.4,,1.09,us,usp000cy5b,2014-11-07T01:22:38.713Z,"south of Panama",earthquake,,0,,11,reviewed,us,us
2004-06-18T01:41:32.141Z,58.3136,-154.7764,100.5,3.1,ml,,,,0.58,ak,ak0047t67ae6,2019-02-13T01:12:14.883Z,"Alaska Peninsula",earthquake,,0.3,,,reviewed,ak,ak
2004-06-18T01:13:15.232Z,58.3097,-154.7597,102.7,3.2,ml,,,,0.45,ak,ak0047t6191f,2019-02-13T01:12:14.482Z,"84 km NNW of Karluk, Alaska",earthquake,,0.1,,,reviewed,ak,ak
2004-06-17T23:43:29.810Z,39.57,67.479,35,4.3,mb,42,149.7,,0.67,us,usp000cy53,2022-03-10T00:53:23.871Z,"13 km NW of Panjakent, Tajikistan",earthquake,,,,17,reviewed,us,us
2004-06-17T23:27:55.920Z,-21.107,-177.119,170,4.5,mb,15,143.8,,1.39,us,usp000cy52,2014-11-07T01:22:38.683Z,"198 km W of Haveluloto, Tonga",earthquake,,,,10,reviewed,us,us
2004-06-17T23:03:30.200Z,39.89,21.03,33,3,md,12,108.5,,,us,usp000cy51,2014-11-07T01:22:38.681Z,"18 km NW of Metsovo, Greece",earthquake,,,,,reviewed,ath,ath
2004-06-17T23:03:26.500Z,43.03,-0.39,5,3.3,ml,58,44.4,,,us,usp000cy50,2014-11-07T01:22:38.671Z,"5 km NNE of Laruns, France",earthquake,,,,,reviewed,str,ldg
2004-06-17T22:39:33.200Z,46.963,0.46,3,3.1,ml,32,50.7,,,us,usp000cy4y,2014-11-07T01:22:38.664Z,"7 km NNE of Saint-Gervais-les-Trois-Clochers, France",earthquake,,,,,reviewed,ldg,str
2004-06-17T22:04:08.920Z,-40.924,-16.78,10,5.4,mwc,85,71.1,,1.27,us,usp000cy4w,2025-12-19T22:37:53.183Z,"southern Mid-Atlantic Ridge",earthquake,,,,,reviewed,us,hrv
2004-06-17T22:03:31.300Z,51.671,7.743,1,2.6,ml,14,200.3,,,us,usp000cy4v,2014-11-07T01:22:38.650Z,"5 km W of Hamm, Germany",earthquake,,,,,reviewed,ldg,ldg
2004-06-17T21:35:21.680Z,40.181,21.297,2.8,3.9,md,107,31,,1.24,us,usp000cy4t,2014-11-07T01:22:38.639Z,"9 km SSW of Tsotíli, Greece",earthquake,,6.9,,,reviewed,us,ath
2004-06-17T21:25:06.250Z,17.745,-68.272,20,3.2,md,9,327.7,,,us,usp000cy4s,2014-11-07T01:22:38.637Z,"78 km SSE of Boca de Yuma, Dominican Republic",earthquake,,,,,reviewed,rspr,rspr
2004-06-17T21:17:52.261Z,60.5838,-142.6559,8.6,2.5,ml,,,,0.72,ak,ak0047rufid6,2019-02-13T01:12:04.097Z,"95 km S of McCarthy, Alaska",earthquake,,0.7,,,reviewed,ak,ak
2004-06-17T20:58:35.150Z,-6.376,148.575,72.3,4.5,mb,13,130.3,,0.77,us,usp000cy4q,2014-11-07T01:22:38.633Z,"83 km ENE of Finschhafen, Papua New Guinea",earthquake,,10.7,,5,reviewed,us,us
2004-06-17T20:32:17.630Z,42.159,-10.232,16.1,3.5,m,15,254.7,,,us,usp000cy4p,2014-11-07T01:22:38.630Z,"111 km WSW of Santa Uxía de Ribeira, Spain",earthquake,,,,,reviewed,mdd,mdd
2004-06-17T20:22:35.600Z,-58.115,-24.53,123.5,4.3,mb,11,116.9,,0.96,us,usp000cy4n,2014-11-07T01:22:38.628Z,"South Sandwich Islands region",earthquake,,33.5,,2,reviewed,us,us
2004-06-17T19:37:19.540Z,-4.221,134.315,35,4.4,mb,24,93,,1.22,us,usp000cy4m,2014-11-07T01:22:38.625Z,"162 km SW of Nabire, Indonesia",earthquake,,0,,7,reviewed,us,us
2004-06-17T18:59:37.942Z,63.4888,-147.7504,7.4,3.3,ml,,,,0.84,ak,ak0047rsw6iq,2019-02-13T01:12:03.704Z,"60 km E of Cantwell, Alaska",earthquake,,0.8,,,reviewed,ak,ak
2004-06-17T18:52:42.340Z,30.298,67.82,65.7,4.5,mb,78,71.4,,1.03,us,usp000cy4j,2014-11-07T01:22:38.614Z,"13 km SE of Ziarat, Pakistan",earthquake,,16.7,,30,reviewed,us,us
2004-06-17T18:43:55.000Z,40.754,-125.076,5,3.8,mwr,34,234.5,,,us,usp000cy4h,2014-11-07T01:22:38.611Z,"71 km WNW of Ferndale, California",earthquake,,,,,reviewed,nc,brk
2004-06-17T18:33:30.450Z,34.082,141.605,10,4.4,mb,33,124.5,,0.89,us,usp000cy4g,2014-11-07T01:22:38.608Z,"167 km SE of Katsuura, Japan",earthquake,,,,9,reviewed,us,us
2004-06-17T18:07:54.270Z,65.4,149.195,10,4.5,mb,9,131.9,,0.91,us,usp000cy4f,2014-11-07T01:22:38.607Z,"86 km WSW of Zyryanka, Russia",earthquake,,,,1,reviewed,us,us
2004-06-17T17:20:12.800Z,-32.236,-71.878,27.7,2.7,ml,4,252,,,us,usp000cy4e,2014-11-07T01:22:38.606Z,"Near the coast of Valparaiso, Chile",earthquake,,,,,reviewed,guc,guc
2004-06-17T17:01:16.100Z,45.7,6.891,3,2.5,ml,20,168.6,,,us,usp000cy4c,2014-11-07T01:22:38.601Z,"4 km WSW of La Thuile, Italy",earthquake,,,,,reviewed,ldg,ldg
2004-06-17T16:22:46.090Z,47.477,153.855,15,4.3,mb,16,193.2,,0.89,us,usp000cy4b,2014-11-07T01:22:38.599Z,"Kuril Islands",earthquake,,0,,7,reviewed,us,us
2004-06-17T16:20:26.540Z,37.693,22.841,20,3.2,ml,19,59.7,,,us,usp000cy4a,2014-11-07T01:22:38.596Z,"6 km NNE of Ayía Triás, Greece",earthquake,,,,,reviewed,the,the
2004-06-17T16:09:50.580Z,35.415,33.837,25,3,ml,5,326.6,,,us,usp000cy49,2014-11-07T01:22:38.595Z,"15 km NNW of Tríkomo, Cyprus",earthquake,,,,,reviewed,nic,nic
2004-06-17T16:07:48.420Z,-7.09,129.392,100,4.6,mb,19,105.9,,1.56,us,usp000cy48,2014-11-07T01:22:38.592Z,"Kepulauan Babar, Indonesia",earthquake,,,,8,reviewed,us,us
2004-06-17T15:57:15.500Z,-34.247,-70.02,3.5,3.1,ml,16,245.9,,,us,usp000cy47,2014-11-07T01:22:38.590Z,"58 km E of Machalí, Chile",earthquake,,,,,reviewed,guc,guc
2004-06-17T15:54:42.390Z,53.155,-166.845,34.4,2.6,ml,15,213.8,,,us,usp000cy46,2019-02-13T01:12:02.400Z,"82 km SSW of Unalaska, Alaska",earthquake,,,,,reviewed,aeic,aeic
2004-06-17T15:46:00.000Z,20.434,-103.577,29.1,3.9,md,5,145.6,,,us,usp000cy45,2014-11-07T01:22:38.586Z,"1 km NE of Acatlán de Juárez, Mexico",earthquake,,,,,reviewed,unm,unm
2004-06-17T15:37:42.270Z,51.123,15.898,5,2.6,m,10,191.6,,1.56,us,usp000cy44,2014-11-07T01:22:38.582Z,"1 km WSW of Z?otoryja, Poland",earthquake,,,,,reviewed,us,war
2004-06-17T15:34:55.900Z,-19.184,-172.849,41.5,5,mwc,72,59.9,,0.82,us,usp000cy42,2025-12-19T23:13:23.290Z,"133 km ESE of Neiafu, Tonga",earthquake,,,,,reviewed,us,hrv
2004-06-17T14:51:00.100Z,39.14,21.81,11,3.2,ml,22,65.6,,,us,usp000cy3z,2014-11-07T01:22:38.563Z,"17 km SSW of Kallíthiro, Greece",earthquake,,,,,reviewed,ath,the
2004-06-17T14:46:56.427Z,50.8199,-173.1332,54.7,2.6,ml,,,,0.92,ak,ak0047rqfp7u,2019-02-13T01:12:10.354Z,"170 km SSE of Atka, Alaska",earthquake,,123.8,,,reviewed,ak,ak
2004-06-17T14:09:10.980Z,54.443,-160.946,1,2.5,ml,17,258.4,,,us,usp000cy3y,2019-02-13T01:12:01.765Z,"103 km SSW of Sand Point, Alaska",earthquake,,,,,reviewed,aeic,aeic
2004-06-17T13:59:12.370Z,-18.762,-177.913,485.4,5.2,mwc,110,92.4,,1.12,us,usp000cy3x,2025-12-19T23:13:22.452Z,"Fiji region",earthquake,,,,,reviewed,us,hrv
2004-06-17T13:57:24.390Z,28.983,58.626,10,3.5,mb,8,264.6,,1.26,us,usp000cy3w,2014-11-07T01:22:38.544Z,"29 km ESE of Bam, Iran",earthquake,,,,1,reviewed,us,us
2004-06-17T13:45:41.340Z,3.24,96.333,132.6,4.7,mb,14,204.3,,0.75,us,usp000cy3v,2014-11-07T01:22:38.542Z,"84 km N of Sinabang, Indonesia",earthquake,,27.3,,1,reviewed,us,us
2004-06-17T13:37:03.310Z,54.253,-163.732,66.9,3.1,ml,30,198.6,,,us,usp000cy3u,2019-02-13T01:12:01.362Z,"70 km SSW of False Pass, Alaska",earthquake,,,,,reviewed,aeic,aeic
2004-06-17T13:22:57.630Z,34.302,89.363,10,4.4,mb,14,132.8,,0.83,us,usp000cy3t,2014-11-07T01:22:38.537Z,"Xizang-Qinghai border region",earthquake,,,,6,reviewed,us,us
2004-06-17T13:13:33.700Z,42.53,1.85,5,2.9,ml,29,65.6,,,us,usp000cy3s,2014-11-07T01:22:38.533Z,"Pyrenees",earthquake,,,,,reviewed,str,ldg
2004-06-17T12:55:25.600Z,37.91,23.02,4,2.5,md,5,304.2,,,us,usp000cy3r,2014-11-07T01:22:38.532Z,"1 km ESE of Isthmía, Greece",earthquake,,,,,reviewed,ath,ath
2004-06-17T12:53:00.400Z,38.11,22.68,8,2.9,md,8,120.7,,,us,usp000cy3q,2014-11-07T01:22:38.530Z,"5 km NE of Xylókastro, Greece",earthquake,,,,,reviewed,ath,ath
2004-06-17T12:50:30.490Z,52.814,153.694,447.6,3.8,mb,19,114.5,,0.69,us,usp000cy3p,2014-11-07T01:22:38.528Z,"241 km NW of Ozernovskiy, Russia",earthquake,,7.4,,3,reviewed,us,us
2004-06-17T12:49:46.000Z,40.275,26.213,6,3.7,ml,10,189,,,us,usp000cy3n,2014-11-07T01:22:38.526Z,"16 km NW of Eceabat, Turkey",earthquake,,,,,reviewed,the,the
2004-06-17T12:38:37.060Z,53.277,-165.725,8,2.9,ml,24,208.2,,,us,usp000cy3m,2019-02-13T01:12:00.984Z,"85 km SE of Unalaska, Alaska",earthquake,,,,,reviewed,aeic,aeic
2004-06-17T12:07:14.100Z,38.35,24,24,2.5,md,6,305.2,,,us,usp000cy3k,2014-11-07T01:22:38.522Z,"7 km SSW of Alivéri, Greece",earthquake,,,,,reviewed,ath,ath
2004-06-17T11:58:26.190Z,34.611,24.571,54.8,4.1,mb,69,132.1,,0.96,us,usp000cy3j,2014-11-07T01:22:38.517Z,"Crete, Greece",earthquake,,5.6,,15,reviewed,us,us
2004-06-17T11:46:34.910Z,40.446,25.82,10,3,ml,5,207.4,,,us,usp000cy3h,2014-11-07T01:22:38.516Z,"25 km E of Samothráki, Greece",earthquake,,,,,reviewed,the,the
2004-06-17T11:38:32.040Z,35.247,-4.234,0,3.8,m,30,261.2,,,us,usp000cy3g,2014-11-07T01:22:38.512Z,"25 km W of Tirhanimîne, Morocco",earthquake,,,,,reviewed,mdd,mdd
2004-06-17T11:28:21.670Z,44.829,8.426,9,3.2,ml,64,53.1,,,us,usp000cy3f,2014-11-07T01:22:38.504Z,"2 km W of Bergamasco, Italy",earthquake,,,,,reviewed,gen,gen
2004-06-17T10:42:57.000Z,16.221,-98.037,5,3.9,md,10,188,,,us,usp000cy3e,2014-11-07T01:22:38.503Z,"3 km S of El Carrizo, Mexico",earthquake,,,,,reviewed,unm,unm
2004-06-17T10:24:51.740Z,1.12,126.719,10,4.7,mb,47,70.4,,1.15,us,usp000cy3d,2014-11-07T01:22:38.498Z,"82 km WNW of Ternate, Indonesia",earthquake,,,,19,reviewed,us,us
2004-06-17T10:12:00.500Z,35.189,-4.283,0,3.5,m,7,303,,,us,usp000cy3c,2014-11-07T01:22:38.496Z,"28 km N of Targuist, Morocco",earthquake,,,,,reviewed,mdd,mdd
2004-06-17T09:39:28.200Z,-31.941,-71.192,64.5,3.1,md,8,164.4,,,us,usp000cy3b,2014-11-07T01:22:38.494Z,"28 km SW of Salamanca, Chile",earthquake,,,,,reviewed,guc,guc
2004-06-17T09:25:05.180Z,50.06,88.441,10,4.2,mb,13,94.6,,1.47,us,usp000cy3a,2014-11-07T01:22:38.493Z,"18 km WNW of Kosh-Agach, Russia",earthquake,,,,4,reviewed,us,us
2004-06-17T09:16:42.480Z,46.6708333,-118.2366667,17.319,3.4,md,30,150,0.4928,0.27,uw,uw10611393,2017-04-01T21:01:02.914Z,"11 km SSE of Washtucna, Washington",earthquake,1.078,1.13,0.05,16,reviewed,uw,uw
2004-06-17T09:14:20.500Z,16.434,-99.105,20,3.9,md,5,206.5,,,us,usp000cy38,2014-11-07T01:22:38.488Z,"23 km SW of Copala, Mexico",earthquake,,,,,reviewed,unm,unm
2004-06-17T07:43:41.450Z,-23.925,-66.608,202.9,4.3,mb,33,52.9,,1.1,us,usp000cy37,2014-11-07T01:22:38.485Z,"43 km NW of San Antonio de los Cobres, Argentina",earthquake,,6.8,,15,reviewed,us,us
2004-06-17T07:41:30.600Z,51.987,-169.505,42.9,2.6,ml,6,338.6,,,us,usp000cy36,2019-02-13T01:12:06.794Z,"114 km SSW of Nikolski, Alaska",earthquake,,,,,reviewed,aeic,aeic
2004-06-17T07:36:34.070Z,-20.719,-178.747,555,4.3,mb,36,118.9,,0.7,us,usp000cy35,2014-11-07T01:22:38.480Z,"Fiji region",earthquake,,,,11,reviewed,us,us
2004-06-17T07:32:56.710Z,12.025,-87.635,20,4.2,mb,12,176.7,,1.6,us,usp000cy34,2014-11-07T01:22:38.479Z,"71 km SW of Corinto, Nicaragua",earthquake,,,,2,reviewed,us,us
2004-06-17T07:20:50.920Z,51.253,-177.701,15.5,2.6,ml,13,322.5,,,us,usp000cy33,2019-02-13T01:11:58.697Z,"101 km SW of Adak, Alaska",earthquake,,,,,reviewed,aeic,aeic
2004-06-17T07:17:07.750Z,52.372,-169.61,15,3.4,ml,15,179.6,,,us,usp000cy32,2019-02-13T01:11:58.375Z,"80 km SW of Nikolski, Alaska",earthquake,,,,,reviewed,aeic,aeic
2004-06-17T06:51:14.910Z,36.8143333,-121.5313333,5.584,2.58,md,60,34,0.02703,0.07,nc,nc21371204,2017-01-07T15:56:25.940Z,"3 km S of San Juan Bautista, California",earthquake,0.13,0.27,0.1,78,reviewed,nc,nc
2004-06-17T06:50:16.590Z,-23.568,-175.167,10,4.8,mb,55,63.5,,0.95,us,usp000cy31,2014-11-07T01:22:38.470Z,"248 km S of ‘Ohonua, Tonga",earthquake,,0,,22,reviewed,us,us
2004-06-17T06:48:46.200Z,38.59,20.58,30,3.2,md,5,152.9,,,us,usp000cy30,2014-11-07T01:22:38.469Z,"27 km NNW of Itháki, Greece",earthquake,,,,,reviewed,ath,ath
2004-06-17T06:44:45.500Z,32.329,-117.8396667,9.837,3.03,ml,9,248,0.7143,0.26,ci,ci14066436,2016-04-02T13:28:08.085Z,"72km SE of San Clemente Is. (SE tip), CA",earthquake,1.22,31.61,0.278,34,reviewed,ci,ci
2004-06-17T06:42:13.000Z,15.831,-93.055,140.1,4,md,6,129.1,,,us,usp000cy2y,2014-11-07T01:22:38.467Z,"12 km WSW of El Ramal (Porvenir), Mexico",earthquake,,,,,reviewed,unm,unm
2004-06-17T06:22:47.670Z,17.678,-85.422,10,3.8,mb,10,180.8,,0.82,us,usp000cy2w,2014-11-07T01:22:38.462Z,"143 km NNE of Savannah Bight, Honduras",earthquake,,,,7,reviewed,us,us
2004-06-17T06:05:55.670Z,35.6581667,-121.086,3.749,2.57,md,59,102,0.05766,0.08,nc,nc21371188,2017-01-07T15:55:22.500Z,"9 km E of San Simeon, California",earthquake,0.11,0.32,0.11,53,reviewed,nc,nc
2004-06-17T05:20:25.130Z,36.595,142.847,10,4.7,mb,34,127.6,,0.86,us,usp000cy2v,2014-11-07T01:22:38.459Z,"182 km ESE of Iwaki, Japan",earthquake,,,,10,reviewed,us,us
2004-06-17T05:13:30.650Z,-9.082,120.989,100,4.4,mb,8,250,,0.42,us,usp000cy2u,2014-11-07T01:22:38.458Z,"77 km SE of Ruteng, Indonesia",earthquake,,,,2,reviewed,us,us
2004-06-17T05:08:27.710Z,30.177,67.564,25,4.5,mb,13,139.7,,1.04,us,usp000cy2t,2014-11-07T01:22:38.456Z,"27 km SW of Ziarat, Pakistan",earthquake,,0,,4,reviewed,us,us
2004-06-17T04:55:29.040Z,0.729,121.274,45,4.7,mb,12,162,,1.39,us,usp000cy2r,2014-11-07T01:22:38.453Z,"200 km W of Gorontalo, Indonesia",earthquake,,,,1,reviewed,us,us
2004-06-17T03:41:39.900Z,39.036,24.374,1,2.8,ml,14,124.8,,,us,usp000cy2m,2014-11-07T01:22:38.446Z,"21 km NW of Skýros, Greece",earthquake,,,,,reviewed,the,the
2004-06-17T03:24:37.740Z,0.512,120.988,35,4.7,mb,8,176,,0.62,us,usp000cy2k,2014-11-07T01:22:38.445Z,"Minahasa, Sulawesi, Indonesia",earthquake,,,,1,reviewed,us,us
2004-06-17T03:15:50.540Z,-31.772,-69.975,121.2,4.8,mb,110,38.7,,0.95,us,usp000cy2h,2014-11-07T01:22:38.430Z,"71 km SW of Calingasta, Argentina",earthquake,,,,40,reviewed,us,us
2004-06-17T02:16:43.030Z,21.614,143.149,297.2,5.3,mwc,164,46.9,,0.74,us,usp000cy2g,2025-12-19T23:13:21.731Z,"Mariana Islands region",earthquake,,,,,reviewed,us,hrv
2004-06-17T02:09:17.820Z,-10.027,113.264,40,4.6,mb,9,209.5,,1.64,us,usp000cy2f,2014-11-07T01:22:38.412Z,"193 km S of Kencong, Indonesia",earthquake,,0,,2,reviewed,us,us
2004-06-17T02:06:34.056Z,51.33,178.9342,38.3,3.4,ml,,,,0.56,ak,ak0047rj1vl9,2019-02-13T01:12:05.575Z,"Rat Islands, Aleutian Islands, Alaska",earthquake,,3.8,,,reviewed,ak,ak
2004-06-17T02:00:53.710Z,-52.829,25.025,10,3.9,mb,10,110.4,,0.91,us,usp000cy2e,2014-11-07T01:22:38.410Z,"south of Africa",earthquake,,,,2,reviewed,us,us
2004-06-17T01:25:20.600Z,38.44,26.96,37,3.5,md,23,203.4,,,us,usp000cy2d,2014-11-07T01:22:38.408Z,"15 km W of ?zmir, Turkey",earthquake,,,,,reviewed,ath,ath
2004-06-17T01:20:21.600Z,35.56,26.93,2,3.1,md,5,142.5,,,us,usp000cy2b,2014-11-07T01:22:38.405Z,"15 km N of Fry, Greece",earthquake,,,,,reviewed,ath,ath
2004-06-17T01:16:01.380Z,-21.246,-68.372,115.4,5.7,mwb,257,52.7,,0.71,us,usp000cy29,2022-05-02T15:54:52.537Z,"145 km NNE of Calama, Chile",earthquake,,,,,reviewed,us,us
2004-06-17T01:09:35.980Z,35.9663333,-117.9825,3.044,3.13,ml,37,45,0.08529,0.16,ci,ci14066336,2016-04-02T07:02:23.740Z,"8km WNW of Little Lake, CA",earthquake,0.28,0.46,0.223,77,reviewed,ci,ci
2004-06-17T00:34:10.800Z,39.95,20.51,23,2.8,md,7,151.3,,,us,usp000cy27,2014-11-07T01:22:38.344Z,"11 km NW of Kalpáki, Greece",earthquake,,,,,reviewed,ath,ath
2004-06-17T00:23:01.510Z,-21.219,169.58,56.5,4.9,mb,46,104.7,,0.94,us,usp000cy26,2014-11-07T01:22:38.335Z,"179 km ENE of Tadine, New Caledonia",earthquake,,15.4,,14,reviewed,us,us
2004-06-16T23:58:49.500Z,-39.36,175.51,86,3.8,ml,32,72,,,us,usp000cy24,2014-11-07T01:22:38.331Z,"18 km NW of Waiouru, New Zealand",earthquake,,,,,reviewed,wel,wel
2004-06-16T23:52:15.992Z,60.0327,-153.1568,124.5,3.7,mb,,,,0.56,ak,ak0047q8agcf,2019-02-13T01:11:45.288Z,"59 km ENE of Pedro Bay, Alaska",earthquake,,1.7,,,reviewed,ak,ak
2004-06-16T23:49:54.880Z,39.268,71.076,54.1,4.2,mb,43,139.1,,1.17,us,usp000cy22,2014-11-07T01:22:38.322Z,"38 km W of Karakenja, Tajikistan",earthquake,,13.9,,11,reviewed,us,us
2004-06-16T23:23:19.700Z,-31.81,-70.447,122.9,2.8,md,11,211.2,,,us,usp000cy20,2014-11-07T01:22:38.319Z,"49 km E of Salamanca, Chile",earthquake,,,,,reviewed,guc,guc
2004-06-16T23:10:12.031Z,56.3103,-156.3624,33.2,2.5,ml,,,,0.5,ak,ak0047q81fyr,2019-02-13T01:11:44.994Z,"126 km E of Chignik, Alaska",earthquake,,52.8,,,reviewed,ak,ak
2004-06-16T22:56:14.500Z,-33.581,-70.296,13.9,2.5,ml,7,241.9,,,us,usp000cy1y,2014-11-07T01:22:38.316Z,"26 km E of Puente Alto, Chile",earthquake,,,,,reviewed,guc,guc
2004-06-16T22:54:33.100Z,-31.147,-68.361,146,3.6,md,6,163.3,,,us,usp000cy1x,2014-11-07T01:22:38.315Z,"34 km NNE of San Martín, Argentina",earthquake,,,,,reviewed,guc,guc
2004-06-16T22:40:50.020Z,6.048,126.026,165.2,4.8,mb,84,55.9,,0.96,us,usp000cy1w,2014-11-07T01:22:38.299Z,"36 km E of Lamitan, Philippines",earthquake,,11.9,,37,reviewed,us,us
2004-06-16T21:38:13.330Z,18.889,-64.72,116.9,3.7,md,10,314.3,,,us,usp000cy1s,2014-11-07T01:22:38.293Z,"62 km N of Cruz Bay, U.S. Virgin Islands",earthquake,,,,,reviewed,rspr,rspr
2004-06-16T21:34:29.630Z,5.591,127.086,115.9,5.1,mwc,119,62.9,,0.85,us,usp000cy1r,2025-12-19T23:13:21.052Z,"131 km SE of Pondaguitan, Philippines",earthquake,,9.9,,,reviewed,us,hrv
2004-06-16T21:25:28.020Z,29.06,104.704,49.8,4.5,mb,59,68.6,,0.77,us,usp000cy1q,2014-11-07T01:22:38.276Z,"eastern Sichuan, China",earthquake,,7.5,,18,reviewed,us,us
2004-06-16T21:22:09.110Z,35.6726667,-121.1201667,5.945,2.85,md,68,124,0.02883,0.08,nc,nc21371117,2017-01-07T15:53:57.710Z,"7 km ENE of San Simeon, California",earthquake,0.12,0.31,0.08,80,reviewed,nc,nc
2004-06-16T21:10:08.230Z,46.7455,-122.7775,-0.415,2.7,md,10,83,0.09127,0.12,uw,uw10611058,2016-07-23T02:06:26.140Z,"9 km SE of Bucoda, Washington",explosion,0.559,1.08,0.03,5,reviewed,uw,uw
2004-06-16T20:46:32.900Z,42.262,71.971,10,4.1,mb,18,200.4,,0.95,us,usp000cy1n,2014-11-07T01:22:38.273Z,"36 km SW of Talas, Kyrgyzstan",earthquake,,0,,3,reviewed,us,us
2004-06-16T20:34:21.340Z,-3.684,144.372,3.8,4.6,mb,29,95.2,,1.03,us,usp000cy1m,2014-11-07T01:22:38.270Z,"53 km NE of Angoram, Papua New Guinea",earthquake,,51.1,,5,reviewed,us,us
2004-06-16T20:20:12.240Z,35.6433333,-120.9498333,5.315,2.9,md,77,68,0.04234,0.08,nc,nc21371110,2021-07-12T19:17:21.354Z,"11 km SW of Lake Nacimiento, California",earthquake,0.12,0.4,0.07,88,reviewed,nc,nc
2004-06-16T19:53:05.970Z,-18.158,-175.24,203.6,4.5,mb,14,92.5,,0.38,us,usp000cy1g,2014-11-07T01:22:38.265Z,"143 km WNW of Neiafu, Tonga",earthquake,,26.1,,6,reviewed,us,us
2004-06-16T19:47:17.530Z,33.238,140.711,65,4.5,mb,8,218.7,,0.53,us,usp000cy1e,2014-11-07T01:22:38.262Z,"208 km SSE of Tateyama, Japan",earthquake,,18.1,,2,reviewed,us,us
2004-06-16T19:30:52.480Z,18.226,145.817,271.2,4.4,mb,12,169.9,,0.72,us,usp000cy1d,2014-11-07T01:22:38.261Z,"Pagan region, Northern Mariana Islands",earthquake,,44.3,,3,reviewed,us,us
2004-06-16T19:15:34.200Z,25.018,121.578,46.8,4.2,mb,8,187.3,,1.06,us,usp000cy1c,2014-11-07T01:22:38.260Z,"5 km SE of Taipei, Taiwan",earthquake,,11.5,,1,reviewed,us,us
2004-06-16T19:13:04.174Z,59.9812,-152.8151,106.7,2.5,ml,,,,0.41,ak,ak0047q5oc35,2019-02-13T01:11:43.952Z,"59 km WNW of Anchor Point, Alaska",earthquake,,5.9,,,reviewed,ak,ak
2004-06-16T19:10:24.230Z,-22.249,-176.22,88.3,4.3,mb,18,132.3,,0.83,us,usp000cy1b,2014-11-07T01:22:38.258Z,"159 km SW of Vaini, Tonga",earthquake,,65.8,,2,reviewed,us,us
2004-06-16T19:00:02.500Z,16.521,-94.008,128.1,4.1,md,8,169.4,,,us,usp000cy1a,2014-11-07T01:22:38.256Z,"9 km ENE of Nueva Tenochtitlán (Rizo de Oro), Mexico",earthquake,,,,,reviewed,unm,unm
2004-06-16T18:49:01.000Z,48.92,-129.36,10,4.1,mb,19,191.9,,,us,usp000cy19,2014-11-07T01:22:38.254Z,"247 km SW of Port McNeill, Canada",earthquake,,,,3,reviewed,pgc,us
2004-06-16T18:47:35.130Z,46.637,-120.523,-0.678,2.5,md,32,53,0.1107,0.29,uw,uw10610993,2016-07-23T02:06:25.240Z,"1 km SSE of Selah, Washington",explosion,0.078,0.22,0.05,7,reviewed,uw,uw
2004-06-16T18:43:33.290Z,30.507,140.428,120.4,4.3,mb,15,119.8,,0.62,us,usp000cy18,2014-11-07T01:22:38.252Z,"Izu Islands, Japan region",earthquake,,11.8,,2,reviewed,us,us
2004-06-16T18:35:31.480Z,58.2,-142.747,43.4,2.9,ml,19,223.5,,,us,usp000cy17,2019-02-13T01:11:43.642Z,"229 km SW of Yakutat, Alaska",earthquake,,,,,reviewed,aeic,aeic
2004-06-16T17:53:35.900Z,-35.445,-71.326,124.7,2.6,md,4,326.8,,,us,usp000cy16,2014-11-07T01:22:38.249Z,"17 km NE of San Clemente, Chile",earthquake,,,,,reviewed,guc,guc
2004-06-16T17:33:10.800Z,51.6,16.211,5,3.2,ml,23,178.6,,1.18,us,usp000cy13,2014-11-07T01:22:38.242Z,"3 km E of Gr?bocice, Poland",earthquake,,,,,reviewed,us,zamg
2004-06-16T17:29:11.530Z,36.741,3.319,10,3.8,ml,18,110.4,,0.77,us,usp000cy12,2014-11-07T01:22:38.239Z,"1 km WNW of Reghaïa, Algeria",earthquake,,,,,reviewed,us,alg
2004-06-16T15:44:38.630Z,51.54,16.233,5,3.1,ml,27,94.2,,1.19,us,usp000cy0z,2014-11-07T01:22:38.231Z,"3 km NNW of Rudna, Poland",earthquake,,,,,reviewed,us,zamg
2004-06-16T13:59:55.700Z,-33.331,-71.49,44.3,2.5,md,6,203.6,,,us,usp000cy0x,2014-11-07T01:22:38.229Z,"27 km NNE of Cartagena, Chile",earthquake,,,,,reviewed,guc,guc
2004-06-16T13:34:45.820Z,-8.927,128.55,66.8,4.5,mb,17,116.1,,1.28,us,usp000cy0w,2014-11-07T01:22:38.226Z,"176 km ESE of Lospalos, Timor Leste",earthquake,,27.2,,2,reviewed,us,us
2004-06-16T13:27:30.530Z,18.5813333,-153.7121667,34.005,2.52,ml,34,337,,0.13,hv,hv5374645,2020-03-31T21:10:14.630Z,"160 km SE of Leilani Estates, Hawaii",earthquake,3.39,2.57,0.09,3,reviewed,hv,hv
2004-06-16T13:08:01.500Z,41.559,20.3,3.4,3.3,ml,15,157.8,,,us,usp000cy0v,2014-11-07T01:22:38.224Z,"9 km NE of Bulqizë, Albania",earthquake,,,,,reviewed,pdg,pdg
2004-06-16T12:47:30.100Z,-36.6,177.39,203,3.9,mb,20,290.3,,,us,usp000cy0u,2014-11-07T01:22:38.222Z,"144 km ENE of Tairua, New Zealand",earthquake,,,,1,reviewed,wel,us
2004-06-16T12:09:45.880Z,-15.513,167.661,127.6,4.3,mb,10,162.2,,1.12,us,usp000cy0t,2014-11-07T01:22:38.220Z,"53 km E of Luganville, Vanuatu",earthquake,,27.7,,1,reviewed,us,us
2004-06-16T12:07:32.800Z,51.166,-178.991,10.9,2.6,ml,8,348.2,,,us,usp000cy0s,2019-02-13T01:11:41.788Z,"181 km WSW of Adak, Alaska",earthquake,,,,,reviewed,aeic,aeic
2004-06-16T11:37:13.800Z,17.325,-101.697,10,4,md,6,213.4,,,us,usp000cy0r,2014-11-07T01:22:38.217Z,"38 km S of Ixtapa, Mexico",earthquake,,,,,reviewed,unm,unm
2004-06-16T11:23:19.500Z,-38.662,-73.156,26.2,3.7,ml,4,199.5,,,us,usp000cy0q,2014-11-07T01:22:38.215Z,"5 km N of Carahue, Chile",earthquake,,,,,reviewed,guc,guc
2004-06-16T11:01:40.760Z,13.339,-90.122,68.1,4.1,mb,25,134.7,,1,us,usp000cy0n,2014-11-07T01:22:38.212Z,"42 km SW of Acajutla, El Salvador",earthquake,,17.4,,5,reviewed,us,us
2004-06-16T11:01:27.140Z,-21.335,-178.87,600,4.2,mb,15,166.3,,1.2,us,usp000cy0m,2014-11-07T01:22:38.210Z,"Fiji region",earthquake,,,,8,reviewed,us,us
2004-06-16T09:48:24.770Z,13.434,-88.616,84.5,3.9,md,12,118.8,,0.91,us,usp000cy0h,2014-11-07T01:22:38.206Z,"1 km W of San Agustín, El Salvador",earthquake,,9.9,,,reviewed,us,snet
2004-06-16T09:13:00.790Z,13.207,-91.533,10,3.5,mb,10,206.9,,1.5,us,usp000cy0g,2014-11-07T01:22:38.204Z,"109 km SSW of La Gomera, Guatemala",earthquake,,0,,1,reviewed,us,us
2004-06-16T08:41:45.540Z,36.873,-4.414,69,3.1,m,15,197,,,us,usp000cy0f,2014-11-07T01:22:38.201Z,"2 km SSE of Casabermeja, Spain",earthquake,,,,,reviewed,mdd,mdd
2004-06-16T08:24:25.800Z,34.179,141.65,10,4.6,mb,15,124.6,,0.77,us,usp000cy0e,2014-11-07T01:22:38.200Z,"162 km SE of Katsuura, Japan",earthquake,,,,1,reviewed,us,us
2004-06-16T08:23:24.090Z,18.885,-67.706,24.9,2.8,md,7,322.9,,,us,usp000cy0d,2014-11-07T01:22:38.198Z,"77 km NW of Rincón, Puerto Rico",earthquake,,,,,reviewed,rspr,rspr
2004-06-16T07:54:08.200Z,-32.586,-71.628,34.2,2.6,ml,4,241.1,,,us,usp000cy0b,2014-11-07T01:22:38.196Z,"40 km WSW of La Ligua, Chile",earthquake,,,,,reviewed,guc,guc
2004-06-16T07:40:49.330Z,20.96,93.303,42.7,4.1,mb,9,109.9,,0.44,us,usp000cy0a,2014-11-07T01:22:38.195Z,"99 km NNE of Sittwe, Myanmar",earthquake,,22.8,,1,reviewed,us,us
2004-06-16T07:07:16.060Z,-14.713,167.259,94.3,4.7,mb,43,156.4,,1.07,us,usp000cy08,2014-11-07T01:22:38.189Z,"41 km NNE of Port-Olry, Vanuatu",earthquake,,19.2,,9,reviewed,us,us
2004-06-16T06:42:47.140Z,51.213,-169.775,56.6,2.7,ml,9,245.5,,,us,usp000cy07,2019-02-13T01:11:48.871Z,"201 km SSW of Nikolski, Alaska",earthquake,,,,,reviewed,aeic,aeic
2004-06-16T06:31:27.370Z,42.7575,-79.0781667,6.1,2.93,md,27,164,0.457,0.22,ld,ld2004061600,2016-05-27T19:18:19.590Z,"11 km NNW of Angola on the Lake, New York",earthquake,0.38,1.2,,,reviewed,ld,ld
2004-06-16T06:29:59.970Z,-20.723,-178.745,600,4.3,mb,10,163.4,,0.41,us,usp000cy06,2014-11-07T01:22:38.186Z,"Fiji region",earthquake,,,,3,reviewed,us,us
2004-06-16T06:08:25.300Z,-29.448,-68.302,150,4,md,8,204.5,,,us,usp000cy05,2014-11-07T01:22:38.184Z,"76 km S of Vinchina, Argentina",earthquake,,,,,reviewed,guc,guc
2004-06-16T05:42:44.750Z,19.583,-69.142,73.6,4.1,mb,25,165.4,,0.52,us,usp000cy04,2014-11-07T01:22:38.181Z,"46 km NNE of Samaná, Dominican Republic",earthquake,,21.5,,5,reviewed,us,us
2004-06-16T04:07:20.690Z,36.7265,-89.6856667,3.94,2.8,md,39,48,0.03591,0.07,nm,nm605495,2016-04-11T13:31:13.700Z,"3 km S of Canalou, Missouri",earthquake,0.3,1.4,0.271,10,reviewed,nm,nm
2004-06-16T03:43:51.130Z,51.601,16.109,5,3.6,ml,47,87.4,,1.22,us,usp000cy01,2014-11-07T01:22:38.170Z,"4 km W of Gr?bocice, Poland",earthquake,,,,,reviewed,us,grf
2004-06-16T03:43:30.400Z,-30.371,-72.181,34.4,3.7,ml,5,244.3,,,us,usp000cy00,2014-11-07T01:22:38.168Z,"93 km WSW of Coquimbo, Chile",earthquake,,,,,reviewed,guc,guc
2004-06-16T02:32:22.530Z,34.0618333,-117.261,13.022,2.74,ml,75,21,0.04709,0.21,ci,ci14065652,2016-04-02T16:39:23.800Z,"2km N of Loma Linda, CA",earthquake,0.24,0.4,0.228,89,reviewed,ci,ci
2004-06-16T01:42:44.920Z,34.179,141.613,10,5,mwc,184,50.2,,0.85,us,usp000cxzw,2016-11-10T00:37:47.679Z,"160 km SE of Katsuura, Japan",earthquake,,,,,reviewed,us,hrv
2004-06-16T01:38:15.130Z,-34.824,-178.008,115.8,4.5,mb,8,242.2,,1.04,us,usp000cxzv,2014-11-07T01:22:38.146Z,"south of the Kermadec Islands",earthquake,,51.4,,2,reviewed,us,us
2004-06-16T01:23:47.510Z,52.154,-171.768,20.9,2.6,ml,5,206.1,,,us,usp000cxzu,2019-02-13T01:11:46.071Z,"166 km E of Atka, Alaska",earthquake,,,,,reviewed,aeic,aeic
2004-06-16T01:10:12.890Z,34.949,-3.916,0,2.9,m,8,286.3,,,us,usp000cxzt,2014-11-07T01:22:38.143Z,"18 km SSW of Bni Bouayach, Morocco",earthquake,,,,,reviewed,mdd,mdd
2004-06-16T01:07:57.890Z,51.437,-177.355,41.3,2.7,ml,13,305.5,,,us,usp000cxzs,2019-02-13T01:11:39.329Z,"69 km SW of Adak, Alaska",earthquake,,,,,reviewed,aeic,aeic
2004-06-16T00:46:03.480Z,61.4232,-151.51,75.8,2.7,ml,,,,0.41,ak,ak0047puk664,2019-02-13T01:11:38.938Z,"38 km NW of Beluga, Alaska",earthquake,,2.4,,,reviewed,ak,ak
2004-06-16T00:43:47.770Z,32.356,-117.8193333,6.837,3.56,ml,8,201,0.683,0.22,ci,ci14065620,2016-04-02T16:38:50.066Z,"70km WSW of Coronado, CA",earthquake,1.43,21.73,0.177,116,reviewed,ci,ci
2004-06-15T23:30:04.760Z,42.233,21.024,4.1,2.5,md,10,306.1,,,us,usp000cxzp,2014-11-07T01:22:38.136Z,"0 km SSW of Štrpce, Kosovo",earthquake,,,,,reviewed,pdg,pdg
2004-06-15T23:03:25.160Z,13.196,-90.353,41.2,4.1,mb,25,194,,0.97,us,usp000cxzn,2014-11-07T01:22:38.133Z,"71 km SW of Acajutla, El Salvador",earthquake,,9.8,,6,reviewed,us,us
2004-06-15T22:32:54.930Z,32.378,-117.8253333,6.905,2.5,mh,8,263,0.6713,0.29,ci,ci12161511,2016-02-16T01:32:04.990Z,"69km SE of San Clemente Is. (SE tip), California",earthquake,2.18,26.8,,0,reviewed,ci,ci
2004-06-15T22:28:48.190Z,32.3428333,-117.9141667,9.824,4.98,mw,10,249,0.7503,0.79,ci,ci14065544,2025-12-19T23:13:20.261Z,"67km SE of San Clemente Is. (SE tip), CA",earthquake,3.45,31.61,,6,reviewed,ci,ci
2004-06-15T22:28:46.880Z,32.4655,-117.8283333,9.837,3,mh,10,217,0.6163,0.3,ci,ci12161495,2016-04-02T19:54:14.492Z,"62km SE of San Clemente Is. (SE tip), CA",earthquake,1.72,31.61,,0,reviewed,ci,ci
2004-06-15T22:28:08.900Z,3.699,126.64,67.8,4.4,mb,15,165.5,,0.8,us,usp000cxzj,2014-11-07T01:22:38.116Z,"229 km SE of Sarangani, Philippines",earthquake,,44.9,,2,reviewed,us,us
2004-06-15T22:18:43.760Z,42.221,19.022,15.9,3.9,ml,107,53.7,,,us,usp000cxzh,2014-11-07T01:22:38.105Z,"6 km ENE of Petrovac na Moru, Montenegro",earthquake,,,,,reviewed,pdg,bud
2004-06-15T22:12:17.263Z,60.911,-147.3841,17,3.9,mb,,,,0.8,ak,ak0047ojx3pa,2019-02-13T01:11:28.496Z,"38 km W of Tatitlek, Alaska",earthquake,,0.3,,,reviewed,ak,ak
2004-06-15T21:51:23.900Z,46.7423333,-122.7791667,-0.148,2.7,md,7,86,0.08936,0.06,uw,uw10610718,2016-07-23T02:06:23.200Z,"9 km SE of Bucoda, Washington",explosion,0.35,0.77,0.01,3,reviewed,uw,uw
2004-06-15T20:31:50.870Z,-4.023,35.806,10,4.2,mb,13,136.3,,1.2,us,usp000cxzf,2014-11-07T01:22:38.095Z,"4 km E of Magugu, Tanzania",earthquake,,,,2,reviewed,us,us
2004-06-15T20:18:04.630Z,37.1301667,-121.5298333,6.651,2.57,md,76,61,0.01802,0.07,nc,nc21370886,2017-01-07T15:48:30.750Z,"8 km NE of San Martin, California",earthquake,0.12,0.33,0.11,85,automatic,nc,nc
2004-06-15T19:02:43.400Z,15.968,-98.092,10,3.9,md,4,259.8,,,us,usp000cxzd,2014-11-07T01:22:38.093Z,"26 km SSW of Santa María Chico Ometepec, Mexico",earthquake,,,,,reviewed,unm,unm
2004-06-15T18:43:48.940Z,-15.408,-173.768,101.3,5.3,mwc,119,76,,0.79,us,usp000cxzb,2025-12-19T23:13:19.621Z,"60 km N of Hihifo, Tonga",earthquake,,,,,reviewed,us,hrv
2004-06-15T18:33:39.460Z,-26.855,-178.295,245.7,4.2,mb,15,184.4,,1.04,us,usp000cxza,2014-11-07T01:22:38.073Z,"south of the Fiji Islands",earthquake,,42.5,,3,reviewed,us,us
2004-06-15T18:15:41.520Z,-32.37,-178.281,10,4.1,mb,13,188.6,,1.1,us,usp000cxz8,2014-11-07T01:22:38.070Z,"south of the Kermadec Islands",earthquake,,0,,2,reviewed,us,us
2004-06-15T17:48:10.700Z,42.864,13.11,5,2.7,md,16,116.4,,,us,usp000cxz7,2014-11-07T01:22:38.068Z,"4 km SW of Castelsantangelo sul Nera, Italy",earthquake,,,,,reviewed,rom,rom
2004-06-15T17:25:40.810Z,16.414,-97.951,14.6,4.4,md,26,134.9,,1.11,us,usp000cxz5,2014-11-07T01:22:38.062Z,"3 km ESE of Pinotepa de Don Luis, Mexico",earthquake,,8.6,,,reviewed,us,unm
2004-06-15T17:20:45.387Z,63.1881,-150.5109,117.8,2.7,ml,,,,0.67,ak,ak0047ogzpkq,2019-02-13T01:11:27.534Z,"72 km ESE of Denali National Park, Alaska",earthquake,,1.4,,,reviewed,ak,ak
2004-06-15T16:27:17.200Z,38.6,15.526,147.8,2.6,md,10,187.7,,,us,usp000cxz2,2014-11-07T01:22:38.056Z,"28 km W of San Nicolò, Italy",earthquake,,,,,reviewed,rom,rom
2004-06-15T15:16:49.300Z,-33.97,-72.053,35.8,3.3,md,8,272.3,,,us,usp000cxyz,2014-11-07T01:22:38.051Z,"58 km SW of San Antonio, Chile",earthquake,,,,,reviewed,guc,guc
2004-06-15T15:13:32.700Z,18.797,-102.427,9.2,3.9,md,6,144,,,us,usp000cxyy,2014-11-07T01:22:38.050Z,"19 km WNW of General Francisco Villa, Mexico",earthquake,,,,,reviewed,unm,unm
2004-06-15T14:33:25.260Z,3.896,125.772,162.1,5.1,mwc,69,75.9,,1,us,usp000cxyx,2025-12-19T23:13:18.871Z,"170 km SSE of Sarangani, Philippines",earthquake,,,,,reviewed,us,hrv
2004-06-15T14:16:02.400Z,-38.57,177.86,24,3.8,ml,12,165.5,,,us,usp000cxyw,2014-11-07T01:22:38.041Z,"15 km NW of Gisborne, New Zealand",earthquake,,,,,reviewed,wel,wel
2004-06-15T14:12:44.530Z,12.366,-87.278,45.4,4.1,mb,12,188.5,,0.91,us,usp000cxyv,2014-11-07T01:22:38.039Z,"17 km SW of Corinto, Nicaragua",earthquake,,20.7,,5,reviewed,us,us
2004-06-15T13:56:47.590Z,30.72,131.323,43.7,4.7,mb,23,122.6,,0.86,us,usp000cxyu,2014-11-07T01:22:38.036Z,"30 km E of Nishinoomote, Japan",earthquake,,,,2,reviewed,us,us
2004-06-15T13:44:06.110Z,15.151,-60.464,72.7,4.4,mb,24,125,,0.63,us,usp000cxyt,2014-11-07T01:22:38.033Z,"69 km NE of Sainte-Marie, Martinique",earthquake,,10.9,,7,reviewed,us,us
2004-06-15T12:02:37.760Z,40.439,25.871,12,5.2,mwc,335,40.1,,,us,usp000cxyq,2022-05-02T17:14:03.830Z,"26 km N of Gökçeada, Turkey",earthquake,,,,,reviewed,isk,hrv
2004-06-15T12:00:05.850Z,35.157,-3.971,0,4.1,m,29,261,,,us,usp000cxyp,2014-11-07T01:22:38.001Z,"8 km S of Tirhanimîne, Morocco",earthquake,,,,,reviewed,mdd,mdd
2004-06-15T11:55:49.180Z,-3.576,-76.512,112.3,4.7,mb,63,80.2,,0.99,us,usp000cxyn,2014-11-07T01:22:37.993Z,"14 km SW of Alianza Cristiana, Peru",earthquake,,,,19,reviewed,us,us
2004-06-15T11:46:15.600Z,16.223,-98.209,5.5,4.1,md,9,190.5,,,us,usp000cxym,2014-11-07T01:22:37.991Z,"2 km SW of Corralero, Mexico",earthquake,,,,,reviewed,unm,unm
2004-06-15T11:16:31.500Z,-38.854,-73.155,37.8,6.1,mwb,215,35.3,,0.93,us,usp000cxyk,2022-05-02T17:14:02.660Z,"15 km S of Carahue, Chile",earthquake,,,,,reviewed,us,us
2004-06-15T10:02:49.790Z,-32.991,-178.15,68.6,4.7,mb,15,221.9,,0.57,us,usp000cxyh,2014-11-07T01:22:37.949Z,"south of the Kermadec Islands",earthquake,,40.1,,3,reviewed,us,us
2004-06-15T09:40:51.030Z,-6.608,130.213,44.6,4.8,mwc,36,105.9,,0.97,us,usp000cxyf,2016-11-10T00:37:38.691Z,"Banda Sea",earthquake,,11.7,,,reviewed,us,hrv
2004-06-15T08:49:17.940Z,33.983,141.473,48.3,4.4,mb,25,124.4,,0.71,us,usp000cxyc,2014-11-07T01:22:37.938Z,"167 km SE of Katsuura, Japan",earthquake,,,,2,reviewed,us,us
2004-06-15T08:34:21.230Z,36.7258333,-89.6833333,4.54,3.5,mw,24,68,0.03734,0.04,nm,nm605494,2022-07-13T01:13:53.890Z,"3 km S of Canalou, Missouri",earthquake,0.3,0.8,0.228,4,reviewed,nm,nm
2004-06-15T08:08:11.680Z,43.582,134.097,371.9,4,mb,20,96.4,,1.15,us,usp000cxya,2014-11-07T01:22:37.923Z,"26 km NE of Lazo, Russia",earthquake,,9.5,,5,reviewed,us,us
2004-06-15T07:20:39.200Z,-33.071,-70.242,112.1,2.7,md,15,196.6,,,us,usp000cxy5,2014-11-07T01:22:37.911Z,"42 km SE of Los Andes, Chile",earthquake,,,,,reviewed,guc,guc
2004-06-15T06:47:29.030Z,-23.558,-13.492,10,4.5,mb,36,37.6,,1.08,us,usp000cxy4,2014-11-07T01:22:37.908Z,"southern Mid-Atlantic Ridge",earthquake,,,,9,reviewed,us,us
2004-06-15T05:59:04.900Z,-33.439,-70.595,88.9,3.1,md,19,66.4,,,us,usp000cxy3,2014-11-07T01:22:37.905Z,"2 km NNW of Villa Presidente Frei, Ñuñoa, Santiago, Chile, Chile",earthquake,,,,,reviewed,guc,guc
2004-06-15T05:58:09.157Z,60.3142,-141.1875,6.4,3,ml,,,,0.91,ak,ak0047oa2kqb,2019-02-13T01:11:25.497Z,"118 km NW of Yakutat, Alaska",earthquake,,0.5,,,reviewed,ak,ak
2004-06-15T04:53:58.890Z,26.242,96.163,35.9,4.5,mb,23,119.3,,0.53,us,usp000cxy1,2014-11-07T01:22:37.899Z,"64 km W of Sarupathar, India",earthquake,,10.2,,2,reviewed,us,us
2004-06-15T04:39:07.920Z,1.495,121.452,542.7,4.7,mb,22,122.5,,0.93,us,usp000cxxz,2014-11-07T01:22:37.895Z,"208 km WNW of Gorontalo, Indonesia",earthquake,,33.5,,7,reviewed,us,us
2004-06-15T03:57:47.080Z,72.829,4.489,10,4.3,mb,50,64.4,,1.2,us,usp000cxxx,2014-11-07T01:22:37.889Z,"Norwegian Sea",earthquake,,,,14,reviewed,us,us
2004-06-15T02:38:20.490Z,51.903,-173.435,66.1,2.5,ml,9,327,,,us,usp000cxxu,2019-02-13T01:11:29.583Z,"61 km ESE of Atka, Alaska",earthquake,,,,,reviewed,aeic,aeic
2004-06-15T02:35:37.700Z,38.404,15.285,121.4,2.5,md,4,274.5,,,us,usp000cxxt,2014-11-07T01:22:37.881Z,"20 km N of Milazzo, Italy",earthquake,,,,,reviewed,rom,rom
2004-06-15T02:16:51.290Z,-7.644,123.931,266.5,4.5,mb,53,53.5,,1.02,us,usp000cxxs,2014-11-07T01:22:37.877Z,"176 km NW of Maubara, Timor Leste",earthquake,,11.3,,22,reviewed,us,us
2004-06-15T00:57:38.910Z,34.981,-3.855,0,2.9,m,7,285.9,,,us,usp000cxxr,2014-11-07T01:22:37.874Z,"13 km S of Bni Bouayach, Morocco",earthquake,,,,,reviewed,mdd,mdd
2004-06-15T00:27:47.410Z,-22.663,-178.686,450,4.4,mb,20,179.1,,1.15,us,usp000cxxq,2014-11-07T01:22:37.872Z,"south of the Fiji Islands",earthquake,,,,2,reviewed,us,us
2004-06-14T23:46:20.310Z,6.731,-73.021,166.9,4.1,mb,24,67.3,,0.71,us,usp000cxxn,2014-11-07T01:22:37.865Z,"4 km N of Aratoca, Colombia",earthquake,,7.2,,11,reviewed,us,us
2004-06-14T23:40:03.784Z,57.743,-156.3945,127.9,2.7,ml,,,,0.55,ak,ak0047mx55tm,2019-02-13T01:11:09.579Z,"65 km ENE of Ugashik, Alaska",earthquake,,2.6,,,reviewed,ak,ak
2004-06-14T23:32:28.100Z,16.232,-98.151,13.6,4.1,md,8,189.2,,,us,usp000cxxk,2014-11-07T01:22:37.843Z,"4 km E of Corralero, Mexico",earthquake,,,,,reviewed,unm,unm
2004-06-14T23:12:13.800Z,16.467,-98.25,4.4,4,md,8,164.7,,,us,usp000cxxj,2014-11-07T01:22:37.840Z,"4 km ENE of Santa María Cortijo, Mexico",earthquake,,,,,reviewed,unm,unm
2004-06-14T23:06:25.500Z,16.275,-98.223,10,4.2,md,10,188.1,,,us,usp000cxxh,2014-11-07T01:22:37.831Z,"5 km NW of Corralero, Mexico",earthquake,,,,,reviewed,unm,unm
2004-06-14T22:54:21.320Z,16.337,-97.845,10,5.9,mwb,346,66.1,,0.92,us,usp000cxxg,2022-05-02T17:14:01.541Z,"0 km W of Santa Catarina Mechoacán, Mexico",earthquake,,,,,reviewed,us,us
2004-06-14T21:58:36.920Z,36.1038333,-117.6223333,1.863,2.68,ml,33,45,0.1173,0.19,ci,ci14064992,2016-04-02T10:20:39.662Z,"30km ENE of Coso Junction, CA",earthquake,0.37,0.6,0.207,20,reviewed,ci,ci
2004-06-14T21:57:29.750Z,46.7396667,-122.7696667,1.206,2.6,md,5,153,0.08341,0.09,uw,uw10610528,2016-07-23T02:06:18.920Z,"10 km SE of Bucoda, Washington",explosion,0.84,0.98,0.02,4,reviewed,uw,uw
2004-06-14T21:52:35.186Z,55.3116,-160.3591,61.6,2.5,ml,,,,0.63,ak,ak0047mw0xmm,2019-02-13T01:11:08.986Z,"9 km ESE of Sand Point, Alaska",earthquake,,0.8,,,reviewed,ak,ak
2004-06-14T21:46:22.610Z,41.153,-6.161,0,3.5,m,14,133.4,,,us,usp000cxxc,2014-11-07T01:22:37.757Z,"2 km ESE of Villaseco de los Reyes, Spain",earthquake,,,,,reviewed,mdd,mdd
2004-06-14T21:38:54.910Z,53.836,-163.158,23.3,3.6,ml,23,159.7,,,us,usp000cxxb,2019-02-13T01:11:23.978Z,"114 km S of False Pass, Alaska",earthquake,,,,,reviewed,aeic,aeic
2004-06-14T21:27:39.400Z,-21.3,-179.002,626.1,5.3,mwc,210,43.7,,0.89,us,usp000cxxa,2025-12-19T23:13:18.113Z,"Fiji region",earthquake,,,,,reviewed,us,hrv
2004-06-14T20:06:13.290Z,-22.087,-174.937,10,5.8,mwb,114,55.5,,0.97,us,usp000cxx9,2022-05-02T17:14:00.379Z,"83 km S of ‘Ohonua, Tonga",earthquake,,,,,reviewed,us,us
2004-06-14T19:48:32.900Z,-18.134,-177.821,592.6,4,mb,21,187.7,,0.72,us,usp000cxx8,2014-11-07T01:22:37.714Z,"Fiji region",earthquake,,38.6,,6,reviewed,us,us
2004-06-14T19:42:20.200Z,-5.819,130.815,82.3,4,mb,11,178.8,,0.98,us,usp000cxx7,2014-11-07T01:22:37.712Z,"215 km W of Tual, Indonesia",earthquake,,28.1,,2,reviewed,us,us
2004-06-14T18:40:35.613Z,63.515,-147.9859,5,3.5,ml,,,,1.04,ak,ak0047mu6295,2019-02-13T01:11:22.807Z,"50 km ENE of Cantwell, Alaska",earthquake,,0.4,,,reviewed,ak,ak
2004-06-14T18:38:32.298Z,63.4852,-148.1882,8,3.3,ml,,,,1.08,ak,ak0047mu5mkd,2019-02-13T01:11:08.287Z,"39 km ENE of Cantwell, Alaska",earthquake,,0.1,,,reviewed,ak,ak
2004-06-14T17:27:42.000Z,17.176,-95.229,117.9,4.1,md,10,104.9,,,us,usp000cxx1,2014-11-07T01:22:37.698Z,"18 km WNW of Palomares, Mexico",earthquake,,,,,reviewed,unm,unm
2004-06-14T17:10:30.100Z,37.709,15.221,5,2.8,md,15,118.4,,,us,usp000cxx0,2014-11-07T01:22:37.697Z,"2 km SSE of Riposto, Italy",earthquake,,,,,reviewed,rom,rom
2004-06-14T16:51:13.080Z,-7.687,127.448,146.8,4.4,mb,10,123.5,,0.5,us,usp000cxwy,2014-11-07T01:22:37.694Z,"104 km NNE of Lospalos, Timor Leste",earthquake,,24.3,,3,reviewed,us,us
2004-06-14T15:39:42.613Z,51.8288,178.1441,104.3,2.9,ml,,,,0.66,ak,ak0047msdk9h,2019-02-13T01:11:21.381Z,"Rat Islands, Aleutian Islands, Alaska",earthquake,,165.3,,,reviewed,ak,ak
2004-06-14T15:14:33.500Z,51.328,-179.529,35,3,ml,11,218.8,,0.58,us,usp000cxwt,2019-02-13T01:11:07.031Z,"209 km WSW of Adak, Alaska",earthquake,,,,,reviewed,us,aeic
2004-06-14T14:06:33.260Z,-14.353,167.373,140,4,mb,16,163.4,,1.33,us,usp000cxwr,2014-11-07T01:22:37.684Z,"56 km SSW of Sola, Vanuatu",earthquake,,,,3,reviewed,us,us
2004-06-14T13:59:36.540Z,-31.075,-69.119,107.3,3.9,md,23,73.4,,0.73,us,usp000cxwq,2014-11-07T01:22:37.681Z,"40 km NE of Calingasta, Argentina",earthquake,,6,,,reviewed,us,guc
2004-06-14T13:17:35.020Z,-31.589,-69.662,148.5,3.6,md,14,172.7,,0.36,us,usp000cxwn,2014-11-07T01:22:37.677Z,"36 km SW of Calingasta, Argentina",earthquake,,33.4,,,reviewed,us,guc
2004-06-14T12:58:35.985Z,67.8082,-156.3758,23.4,4,mw,,,,0.95,ak,ak0047mqpbji,2019-02-13T01:11:05.158Z,"102 km NE of Ambler, Alaska",earthquake,,37.1,,,reviewed,ak,ak
2004-06-14T12:00:35.560Z,0.079,123.324,170,4.1,mb,8,184,,0.41,us,usp000cxwk,2014-11-07T01:22:37.671Z,"58 km SSE of Gorontalo, Indonesia",earthquake,,,,2,reviewed,us,us
2004-06-14T11:38:17.730Z,23.379,94.552,93.8,4.6,mb,77,51.3,,0.85,us,usp000cxwj,2014-11-07T01:22:37.664Z,"32 km SSE of Mawlaik, Myanmar",earthquake,,6.5,,23,reviewed,us,us
2004-06-14T09:43:22.840Z,-22.367,169.624,10,4.7,mb,34,128.8,,1.04,us,usp000cxwg,2014-11-07T01:22:37.658Z,"201 km ESE of Tadine, New Caledonia",earthquake,,,,9,reviewed,us,us
2004-06-14T09:39:07.740Z,31.4648333,-116.2453333,5.289,2.55,ml,12,313,1.197,0.31,ci,ci14064788,2016-02-16T01:31:53.075Z,"41km SE of Maneadero, B.C., MX",earthquake,2.86,7.97,0.182,8,reviewed,ci,ci
2004-06-14T08:50:45.200Z,-42.71,175.19,12,3.8,ml,19,210.1,,,us,usp000cxwf,2014-11-07T01:22:37.656Z,"146 km S of Waipawa, New Zealand",earthquake,,,,,reviewed,wel,wel
2004-06-14T06:49:22.160Z,19.955,-70.789,30,3.9,mb,18,103.7,,0.92,us,usp000cxwb,2014-11-07T01:22:37.650Z,"19 km ENE of Luperón, Dominican Republic",earthquake,,,,3,reviewed,us,us
2004-06-14T04:42:21.640Z,6.718,-72.902,159.9,4.1,mb,22,65.6,,1.01,us,usp000cxw9,2014-11-07T01:22:37.646Z,"8 km ESE of Cepitá, Colombia",earthquake,,7.5,,3,reviewed,us,us
2004-06-14T04:18:13.550Z,-20.824,168.322,10,4.6,mb,25,105.3,,0.89,us,usp000cxw7,2014-11-07T01:22:37.638Z,"92 km NNE of Tadine, New Caledonia",earthquake,,,,5,reviewed,us,us
2004-06-14T04:06:43.000Z,35.086,27.101,39.6,4,mb,54,170.4,,1.26,us,usp000cxw5,2014-11-07T01:22:37.629Z,"40 km SSE of Fry, Greece",earthquake,,8.3,,26,reviewed,us,us
2004-06-14T03:06:57.580Z,6.702,-72.942,171.2,3.7,mb,9,170.7,,0.28,us,usp000cxw4,2014-11-07T01:22:37.628Z,"6 km SSE of Cepitá, Colombia",earthquake,,10.8,,1,reviewed,us,us
2004-06-14T03:02:49.000Z,-23.934,-67.531,192.7,3.5,mb,4,220.5,,,us,usp000cxw3,2014-11-07T01:22:37.627Z,"127 km WNW of San Antonio de los Cobres, Argentina",earthquake,,,,1,reviewed,guc,us
2004-06-14T02:54:27.750Z,-27.306,66.978,10,4.4,mb,8,231,,0.43,us,usp000cxw2,2014-11-07T01:22:37.625Z,"Indian Ocean Triple Junction",earthquake,,,,1,reviewed,us,us
2004-06-14T01:49:53.650Z,-49.548,125.423,10,4.3,mb,10,120.5,,0.95,us,usp000cxw1,2014-11-07T01:22:37.623Z,"western Indian-Antarctic Ridge",earthquake,,,,4,reviewed,us,us
2004-06-14T00:49:12.250Z,-22.577,170.724,10,4.8,mb,21,100.8,,1.07,us,usp000cxw0,2014-11-07T01:22:37.617Z,"southeast of the Loyalty Islands",earthquake,,,,2,reviewed,us,us
2004-06-13T23:53:42.700Z,-21.55,168.861,10,3.6,mb,11,207.9,,0.46,us,usp000cxvz,2014-11-07T01:22:37.614Z,"101 km E of Tadine, New Caledonia",earthquake,,,,1,reviewed,us,us
2004-06-13T22:54:33.200Z,36.804,3.268,10,2.9,ml,7,236.8,,,us,usp000cxvy,2014-11-07T01:22:37.612Z,"2 km NW of Aïn Taya, Algeria",earthquake,,,,,reviewed,alg,alg
2004-06-13T22:27:52.440Z,-5.982,146.999,95.8,4.6,mb,25,122.3,,0.92,us,usp000cxvx,2014-11-07T01:22:37.609Z,"81 km N of Lae, Papua New Guinea",earthquake,,10.1,,9,reviewed,us,us
2004-06-13T21:47:50.660Z,56.275,-170.554,17.2,3.2,ml,9,161.4,,,us,usp000cxvw,2019-02-13T01:10:48.138Z,"72 km WSW of Saint George, Alaska",earthquake,,,,,reviewed,aeic,aeic
2004-06-13T21:45:18.460Z,34.425,136.541,363.8,4,mb,12,150.2,,0.45,us,usp000cxvv,2014-11-07T01:22:37.605Z,"15 km WSW of Ise, Japan",earthquake,,6.2,,1,reviewed,us,us
2004-06-13T21:43:48.800Z,39.269,16.488,5,2.6,md,9,129.8,,,us,usp000cxvu,2014-11-07T01:22:37.604Z,"12 km E of Serra Pedace, Italy",earthquake,,,,,reviewed,rom,rom
2004-06-13T21:28:08.630Z,56.284,-170.443,16.4,3.2,ml,6,157,,,us,usp000cxvs,2019-02-13T01:10:47.839Z,"65 km WSW of Saint George, Alaska",earthquake,,,,,reviewed,aeic,aeic
2004-06-13T21:05:13.430Z,53.753,160.45,63.6,4.8,mb,140,122.2,,0.7,us,usp000cxvq,2014-11-07T01:22:37.587Z,"143 km ENE of Petropavlovsk-Kamchatsky, Russia",earthquake,,6.1,,68,reviewed,us,us
2004-06-13T19:56:59.130Z,10.141,125.282,38.6,4.5,mb,22,134.3,,0.72,us,usp000cxvp,2014-11-07T01:22:37.585Z,"16 km NE of San Francisco, Philippines",earthquake,,14.9,,5,reviewed,us,us
2004-06-13T19:49:17.090Z,-58.684,-23.098,28,4.7,mb,45,68.6,,1.02,us,usp000cxvm,2014-11-07T01:22:37.578Z,"South Sandwich Islands region",earthquake,,20.8,,7,reviewed,us,us
2004-06-13T19:45:56.100Z,-31.419,-71.299,81.9,2.6,md,7,193,,,us,usp000cxvk,2014-11-07T01:22:37.576Z,"26 km NNW of Illapel, Chile",earthquake,,,,,reviewed,guc,guc
2004-06-13T19:28:13.280Z,-17.891,-178.57,580.1,5.7,mwc,233,46.8,,0.85,us,usp000cxvg,2022-05-02T17:13:59.296Z,"224 km E of Levuka, Fiji",earthquake,,,,,reviewed,us,hrv
2004-06-13T19:25:59.810Z,43.846,-105.395,0,3.2,ml,17,108.5,,1.37,rusms,rusms00003872,2022-06-09T21:12:36.035Z,"13 km NE of Wright, Wyoming",explosion,,,,,reviewed,us,us
2004-06-13T19:25:18.700Z,53.556,-162.824,17.8,3.4,ml,22,228,,,us,usp000cxvf,2019-02-13T01:10:47.244Z,"149 km SSE of False Pass, Alaska",earthquake,,,,,reviewed,aeic,aeic
2004-06-13T19:03:13.710Z,35.695,70.658,91.4,4.5,mb,43,70.8,,0.63,us,usp000cxve,2014-11-07T01:22:37.514Z,"38 km NW of P?r?n, Afghanistan",earthquake,,10.2,,10,reviewed,us,us
2004-06-13T18:35:38.130Z,18.177,-68.732,156,3.2,md,5,344,,,us,usp000cxvd,2014-11-07T01:22:37.512Z,"25 km SSW of Boca de Yuma, Dominican Republic",earthquake,,,,,reviewed,rspr,rspr
2004-06-13T18:13:33.480Z,-14.977,-173.872,30,4.1,mb,11,128.2,,0.6,us,usp000cxvc,2014-11-07T01:22:37.511Z,"108 km N of Hihifo, Tonga",earthquake,,,,2,reviewed,us,us
2004-06-13T17:55:55.343Z,54.2432,-162.5405,10,2.5,ml,,,,0.62,ak,ak0047l64jf2,2019-02-13T01:10:46.621Z,"88 km SE of False Pass, Alaska",earthquake,,0,,,reviewed,ak,ak
2004-06-13T17:43:14.180Z,3.951,126.443,107.9,4.2,mb,21,121.1,,0.9,us,usp000cxvb,2014-11-07T01:22:37.509Z,"193 km SE of Sarangani, Philippines",earthquake,,45.6,,6,reviewed,us,us
2004-06-13T17:21:13.150Z,-10.803,-76.567,10,4,mb,8,141.5,,0.59,us,usp000cxv9,2014-11-07T01:22:37.506Z,"25 km NE of Jucul, Peru",earthquake,,,,2,reviewed,us,us
2004-06-13T16:40:16.810Z,2.247,-101.732,10,4.3,mb,22,114,,1.47,us,usp000cxv7,2014-11-07T01:22:37.502Z,"Galapagos Triple Junction region",earthquake,,,,6,reviewed,us,us
2004-06-13T16:39:36.300Z,38.453,13.194,5,2.9,md,15,145.7,,,us,usp000cxv6,2014-11-07T01:22:37.500Z,"28 km S of Ustica, Italy",earthquake,,,,,reviewed,rom,rom
2004-06-13T16:22:16.630Z,-6.943,129.463,126.3,4.3,mb,26,116.8,,1.13,us,usp000cxv5,2014-11-07T01:22:37.497Z,"Banda Sea",earthquake,,16.1,,12,reviewed,us,us
2004-06-13T15:51:59.130Z,-23.88,-179.784,508.7,4.4,mb,27,131.8,,0.71,us,usp000cxv4,2014-11-07T01:22:37.494Z,"south of the Fiji Islands",earthquake,,31.5,,12,reviewed,us,us
2004-06-13T15:49:18.180Z,38.339,134.19,428.4,3.8,mb,11,148.4,,0.46,us,usp000cxv3,2014-11-07T01:22:37.493Z,"280 km NW of Hakui, Japan",earthquake,,8.2,,1,reviewed,us,us
2004-06-13T15:03:24.600Z,18.086,-102.56,20,3.8,md,4,201.2,,,us,usp000cxv1,2014-11-07T01:22:37.490Z,"21 km WNW of El Habillal, Mexico",earthquake,,,,,reviewed,unm,unm
2004-06-13T13:58:33.730Z,-23.528,179.98,549.6,4.2,mb,21,119.5,,1.1,us,usp000cxuy,2014-11-07T01:22:37.485Z,"south of the Fiji Islands",earthquake,,31.7,,4,reviewed,us,us
2004-06-13T13:43:25.700Z,-34.085,-70.526,92.3,2.9,md,14,168.6,,,us,usp000cxux,2014-11-07T01:22:37.483Z,"15 km NE of Machalí, Chile",earthquake,,,,,reviewed,guc,guc
2004-06-13T13:24:40.190Z,-17.344,-179.115,550,4.2,mb,14,125.5,,0.56,us,usp000cxuw,2014-11-07T01:22:37.481Z,"184 km ENE of Levuka, Fiji",earthquake,,,,1,reviewed,us,us
2004-06-13T12:09:30.580Z,19.3485,-155.1023333,8.107,2.89,ml,36,143,,0.11,hv,hv6000185,2020-03-31T21:10:10.440Z,"13 km SSE of Fern Forest, Hawaii",earthquake,0.48,0.44,0.12,10,reviewed,hv,hv
2004-06-13T12:08:45.640Z,34.826,32.62,15,3.1,ml,6,176.8,,,us,usp000cxut,2014-11-07T01:22:37.476Z,"12 km ESE of Polémi, Cyprus",earthquake,,,,,reviewed,nic,nic
2004-06-13T11:40:22.930Z,-22.536,169.537,10,4.1,mb,13,131.9,,0.93,us,usp000cxus,2014-11-07T01:22:37.475Z,"203 km ESE of Tadine, New Caledonia",earthquake,,,,1,reviewed,us,us
2004-06-13T11:36:04.520Z,-19.921,-178.372,550,3.5,mb,13,126.2,,0.8,us,usp000cxuq,2014-11-07T01:22:37.470Z,"Fiji region",earthquake,,,,6,reviewed,us,us
2004-06-13T10:38:00.840Z,-22.739,170.146,10,4.5,mb,16,112.3,,1.42,us,usp000cxup,2014-11-07T01:22:37.460Z,"268 km ESE of Tadine, New Caledonia",earthquake,,,,2,reviewed,us,us
2004-06-13T10:19:02.340Z,50.733,157.36,84.2,3.7,mb,11,159.9,,1.28,us,usp000cxun,2014-11-07T01:22:37.458Z,"87 km E of Severo-Kuril’sk, Russia",earthquake,,17.1,,1,reviewed,us,us
2004-06-13T10:08:11.040Z,6.722,94.475,120.8,4.1,mb,16,181.7,,0.56,us,usp000cxum,2014-11-07T01:22:37.456Z,"130 km NW of Sabang, Indonesia",earthquake,,27.1,,3,reviewed,us,us
2004-06-13T09:27:15.280Z,22.608,-45.256,10,4.1,mb,7,182.1,,0.69,us,usp000cxuk,2014-11-07T01:22:37.455Z,"northern Mid-Atlantic Ridge",earthquake,,,,1,reviewed,us,us
2004-06-13T09:20:25.580Z,18.986,-67.162,83.1,2.8,md,5,311,,,us,usp000cxuj,2014-11-07T01:22:37.453Z,"55 km N of San Antonio, Puerto Rico",earthquake,,,,,reviewed,rspr,rspr
2004-06-13T09:16:14.500Z,15.799,-92.785,154.1,4,mb,55,101.9,,,us,usp000cxuh,2014-11-07T01:22:37.448Z,"3 km WSW of Nueva Palestina, Mexico",earthquake,,,,10,reviewed,unm,us
2004-06-13T08:31:27.930Z,51.473,-177.865,54.8,2.6,ml,8,335.7,,,us,usp000cxuf,2019-02-13T01:10:43.209Z,"96 km WSW of Adak, Alaska",earthquake,,,,,reviewed,aeic,aeic
2004-06-13T08:26:29.580Z,29.508,50.806,40,4.4,mb,24,212,,0.97,us,usp000cxue,2014-11-07T01:22:37.442Z,"29 km ESE of Bandar-e Gen?veh, Iran",earthquake,,,,6,reviewed,us,us
2004-06-13T07:28:57.800Z,-5.905,145.098,112.2,4,mb,15,108.3,,1.13,us,usp000cxuc,2014-11-07T01:22:37.439Z,"19 km NE of Kundiawa, Papua New Guinea",earthquake,,16.4,,7,reviewed,us,us
2004-06-13T07:25:06.820Z,-17.312,-174.59,77.1,4.1,mb,26,118.9,,0.7,us,usp000cxub,2014-11-07T01:22:37.437Z,"161 km NNW of Neiafu, Tonga",earthquake,,38,,8,reviewed,us,us
2004-06-13T06:54:39.560Z,-22.662,-66.162,246.5,3.6,mb,7,96.7,,0.96,us,usp000cxu9,2014-11-07T01:22:37.433Z,"48 km W of Abra Pampa, Argentina",earthquake,,14.5,,1,reviewed,us,us
2004-06-13T06:48:24.380Z,-19.236,-177.503,499.7,3.8,mb,10,154.8,,0.82,us,usp000cxu7,2014-11-07T01:22:37.430Z,"Fiji region",earthquake,,61,,4,reviewed,us,us
2004-06-13T05:55:56.450Z,39.111,144.188,51.9,4.8,mb,110,94.2,,0.95,us,usp000cxu5,2014-11-07T01:22:37.412Z,"197 km ESE of Yamada, Japan",earthquake,,7.3,,37,reviewed,us,us
2004-06-13T05:45:40.200Z,-32.559,-71.885,30.7,4.8,mb,48,115.6,,,us,usp000cxu4,2014-11-07T01:22:37.407Z,"58 km NNW of Valparaíso, Chile",earthquake,,,,4,reviewed,guc,us
2004-06-13T05:29:17.000Z,50.99,-130.61,10,3.8,ml,36,188,,,us,usp000cxu2,2014-11-07T01:22:37.402Z,"252 km W of Port McNeill, Canada",earthquake,,,,,reviewed,pgc,pgc
2004-06-13T04:39:01.650Z,52.194,-169.967,22.3,2.5,ml,4,221.6,,,us,usp000cxu0,2019-02-13T01:10:51.007Z,"111 km SW of Nikolski, Alaska",earthquake,,,,,reviewed,aeic,aeic
2004-06-13T03:52:51.938Z,63.3627,-151.4449,4.2,2.9,ml,,,,0.8,ak,ak0047kxrtjd,2019-02-13T01:10:41.931Z,"24 km SE of Denali National Park, Alaska",earthquake,,0.5,,,reviewed,ak,ak
2004-06-13T03:35:07.850Z,-24.141,-176.066,10,4.7,mb,34,119.2,,1.4,us,usp000cxtx,2014-11-07T01:22:37.390Z,"south of the Fiji Islands",earthquake,,,,7,reviewed,us,us
2004-06-13T03:35:00.920Z,-18.584,-178.1,662.7,4,mb,27,78.4,,0.98,us,usp000cxtw,2014-11-07T01:22:37.387Z,"279 km ESE of Levuka, Fiji",earthquake,,20.3,,3,reviewed,us,us
2004-06-13T03:30:39.360Z,51.277,15.869,5,2.5,m,8,221.8,,0.88,us,usp000cxtv,2014-11-07T01:22:37.384Z,"4 km W of Chojnów, Poland",earthquake,,,,,reviewed,us,war
2004-06-13T03:13:57.410Z,-5.925,150.539,9.8,4.3,mb,19,71.5,,0.95,us,usp000cxtu,2014-11-07T01:22:37.381Z,"60 km SE of Kimbe, Papua New Guinea",earthquake,,46.8,,7,reviewed,us,us
2004-06-13T02:54:23.960Z,34.564,31.886,25,2.7,ml,5,321.6,,,us,usp000cxtt,2014-11-07T01:22:37.380Z,"54 km WSW of Chlórakas, Cyprus",earthquake,,,,,reviewed,nic,nic
2004-06-13T02:29:15.930Z,44.84,14.972,5,3.5,ml,59,75,,1,us,usp000cxts,2014-11-07T01:22:37.372Z,"17 km SSE of Senj, Croatia",earthquake,,,,,reviewed,us,bud
2004-06-13T02:23:00.610Z,22.939,121.606,50.1,4.1,mb,22,92.7,,0.92,us,usp000cxtr,2014-11-07T01:22:37.370Z,"114 km S of Hualien City, Taiwan",earthquake,,13.6,,2,reviewed,us,us
2004-06-13T02:17:15.470Z,13.163,146.557,39.2,4.5,mb,28,77.1,,0.94,us,usp000cxtq,2014-11-07T01:22:37.367Z,"185 km ESE of Yigo Village, Guam",earthquake,,19.5,,6,reviewed,us,us
2004-06-13T01:17:12.970Z,-28.151,-178.19,137.5,4.1,mb,11,133.4,,1.11,us,usp000cxtj,2014-11-07T01:22:37.264Z,"Kermadec Islands region",earthquake,,34,,2,reviewed,us,us
2004-06-13T01:06:14.400Z,50.929,6.4,2.9,2.5,ml,20,159.4,,0.67,us,usp000cxth,2014-11-07T01:22:37.260Z,"2 km ENE of Jülich, Germany",earthquake,,8.6,,,reviewed,us,grf
2004-06-13T01:02:52.905Z,65.1365,-163.0905,11.7,3.2,ml,,,,1.69,ak,ak0047kwa8lm,2019-02-13T01:10:49.027Z,"52 km NNE of White Mountain, Alaska",earthquake,,36.8,,,reviewed,ak,ak
2004-06-13T00:49:43.220Z,-8.785,-76.117,45.1,4,mb,8,133.4,,1.64,us,usp000cxte,2014-11-07T01:22:37.257Z,"52 km SE of Uchiza, Peru",earthquake,,40.7,,1,reviewed,us,us
2004-06-13T00:30:19.400Z,-32.5,-71.725,28.3,3.2,ml,13,206.6,,,us,usp000cxtc,2014-11-07T01:22:37.253Z,"46 km W of La Ligua, Chile",earthquake,,,,,reviewed,guc,guc
2004-06-12T23:02:14.950Z,39.3311667,-120.033,-0.863,2.62,md,23,114,0.03604,0.12,nc,nc21370408,2018-04-24T21:13:09.200Z,"7 km S of Floriston, California",earthquake,0.33,2.39,0.16,39,reviewed,nc,nc
2004-06-12T22:59:51.940Z,-20.042,-178.648,449.9,4.2,mb,12,122.5,,0.96,us,usp000cxt9,2014-11-07T01:22:37.249Z,"Fiji region",earthquake,,59.8,,2,reviewed,us,us
2004-06-12T21:42:05.400Z,-65.447,179.19,10,4.5,mb,13,98.2,,1.35,us,usp000cxt7,2014-11-07T01:22:37.246Z,"Balleny Islands region",earthquake,,,,2,reviewed,us,us
2004-06-12T21:31:36.079Z,52.3899,-169.6183,10,2.5,ml,,,,0.7,ak,ak0047jktqo7,2019-02-13T01:10:40.662Z,"79 km SW of Nikolski, Alaska",earthquake,,0,,,reviewed,ak,ak
2004-06-12T21:24:55.290Z,51.494,16.418,5,2.5,m,8,240.1,,1.28,us,usp000cxt5,2014-11-07T01:22:37.242Z,"8 km N of ?cinawa, Poland",earthquake,,,,,reviewed,us,war
2004-06-12T21:13:10.200Z,-17.682,-177.312,400,3.9,mb,14,183.9,,0.64,us,usp000cxt4,2014-11-07T01:22:37.240Z,"Fiji region",earthquake,,,,5,reviewed,us,us
2004-06-12T20:51:38.960Z,34.6283333,-116.553,8.467,2.62,ml,36,42,0.06086,0.17,ci,ci14064416,2016-04-02T19:40:05.141Z,"37km WSW of Ludlow, CA",earthquake,0.26,1.14,0.224,68,reviewed,ci,ci
2004-06-12T20:48:05.790Z,-4.617,151.409,279.5,4.2,mb,14,116.9,,0.97,us,usp000cxt3,2014-11-07T01:22:37.238Z,"95 km WSW of Rabaul, Papua New Guinea",earthquake,,8.5,,1,reviewed,us,us
2004-06-12T20:23:14.780Z,-4.245,142.351,117.7,4,mb,8,113.4,,0.93,us,usp000cxt2,2014-11-07T01:22:37.237Z,"51 km W of Ambunti, Papua New Guinea",earthquake,,,,2,reviewed,us,us
2004-06-12T19:33:50.340Z,53.42,160.323,52.8,4.4,mb,14,115.6,,0.86,us,usp000cxt1,2014-11-07T01:22:37.235Z,"119 km ENE of Petropavlovsk-Kamchatsky, Russia",earthquake,,12.8,,3,reviewed,us,us
2004-06-12T19:33:36.000Z,-34.102,-70.035,5.2,2.8,ml,8,283.5,,,us,usp000cxt0,2014-11-07T01:22:37.233Z,"57 km E of Machalí, Chile",earthquake,,,,,reviewed,guc,guc
2004-06-12T19:15:32.040Z,-5.526,151.779,69.2,4.6,mb,18,85.4,,0.79,us,usp000cxsz,2014-11-07T01:22:37.231Z,"141 km SSW of Kokopo, Papua New Guinea",earthquake,,8.3,,3,reviewed,us,us
2004-06-12T19:08:50.080Z,37.248,142.062,60,4.4,mb,9,156.2,,1.37,us,usp000cxsy,2014-11-07T01:22:37.230Z,"97 km ESE of Namie, Japan",earthquake,,,,1,reviewed,us,us
2004-06-12T18:53:39.790Z,52.3,-167.078,29.3,3.1,ml,7,290.2,,,us,usp000cxsx,2019-02-13T01:10:39.139Z,"140 km ESE of Nikolski, Alaska",earthquake,,,,,reviewed,aeic,aeic
2004-06-12T18:45:25.900Z,-31.265,-71.853,25.4,4,ml,14,205.6,,,us,usp000cxsw,2014-11-07T01:22:37.225Z,"76 km WNW of Illapel, Chile",earthquake,,,,,reviewed,guc,guc
2004-06-12T17:45:49.780Z,35.53,31.149,42.6,4,mb,57,118.9,,0.93,us,usp000cxst,2014-11-07T01:22:37.216Z,"116 km SE of Beykonak, Turkey",earthquake,,7.9,,11,reviewed,us,us
2004-06-12T17:13:05.050Z,36.124,2.795,10,4.4,ml,40,168.6,,1.16,us,usp000cxss,2014-11-07T01:22:37.212Z,"10 km W of Berrouaghia, Algeria",earthquake,,,,,reviewed,us,alg
2004-06-12T17:12:07.820Z,-19.416,-176.196,10,4.7,mb,14,185.2,,1,us,usp000cxsr,2014-11-07T01:22:37.210Z,"198 km WNW of Pangai, Tonga",earthquake,,,,4,reviewed,us,us
2004-06-12T17:10:07.630Z,40.94,19.65,16.5,2.7,md,24,146.7,,,us,usp000cxsq,2014-11-07T01:22:37.207Z,"4 km W of Lushnjë, Albania",earthquake,,,,,reviewed,pdg,pdg
2004-06-12T16:47:24.100Z,46.3,7.2,8,3,ml,80,33.2,,,us,usp000cxsp,2014-11-07T01:22:37.197Z,"10 km NW of Vétroz, Switzerland",earthquake,,,,,reviewed,zur,ldg
2004-06-12T16:41:26.573Z,63.209,-150.4133,126,3,ml,,,,0.57,ak,ak0047jhwp2p,2019-02-13T01:10:30.149Z,"75 km ESE of Denali National Park, Alaska",earthquake,,0.9,,,reviewed,ak,ak
2004-06-12T15:18:12.180Z,34.749,33.653,1,2.9,ml,4,220.2,,,us,usp000cxsg,2014-11-07T01:22:37.184Z,"10 km SE of Perivólia, Cyprus",earthquake,,,,,reviewed,nic,nic
2004-06-12T15:12:09.220Z,47.2288333,-123.8183333,-0.602,2.6,md,37,155,,0.53,uw,uw10609783,2016-07-23T02:06:08.860Z,"10 km E of Humptulips, Washington",earthquake,0.186,2.88,0.04,14,reviewed,uw,uw
2004-06-12T15:09:37.770Z,-20.26,-174.018,15,4.7,mb,60,100,,1,us,usp000cxse,2014-11-07T01:22:37.173Z,"60 km SE of Pangai, Tonga",earthquake,,0,,28,reviewed,us,us
2004-06-12T15:05:49.180Z,35.157,-4.404,21.1,3.9,m,20,282.1,,,us,usp000cxsd,2014-11-07T01:22:37.170Z,"25 km NNW of Targuist, Morocco",earthquake,,,,,reviewed,mdd,mdd
2004-06-12T15:04:19.110Z,39.4073333,-120.2113333,-1.083,3.4,ml,23,60,0.06757,0.07,nc,nc21370353,2022-06-18T08:58:52.079Z,"9 km NNW of Truckee, California",earthquake,0.24,7.17,,10,automatic,nc,nc
2004-06-12T14:49:41.810Z,39.4073333,-120.213,-0.184,3.65,ml,24,60,0.1,0.08,nc,nc21370352,2018-04-24T21:13:08.726Z,"9 km NNW of Truckee, California",earthquake,0.23,2.36,,14,automatic,nc,nc
2004-06-12T14:30:50.570Z,-15.995,-72.433,32,4.1,mb,17,95.1,,1.29,us,usp000cxs9,2014-11-07T01:22:37.161Z,"25 km SE of Iray, Peru",earthquake,,22.4,,2,reviewed,us,us
2004-06-12T13:37:54.360Z,38.663,39.826,10,4.6,mb,136,76.4,,1.18,us,usp000cxs8,2014-11-07T01:22:37.149Z,"6 km SSW of Kovanc?lar, Turkey",earthquake,,,,38,reviewed,us,us
2004-06-12T13:24:08.690Z,33.317,45.905,47.7,4.7,mb,48,170.4,,1.05,us,usp000cxs7,2014-11-07T01:22:37.145Z,"32 km NW of Mehr?n, Iran",earthquake,,11,,17,reviewed,us,us
2004-06-12T13:05:31.580Z,36.2425,-89.2941667,8.35,2.5,md,27,151,0.02691,0.07,nm,nm605491,2016-04-11T13:30:47.640Z,"9 km WSW of Obion, Tennessee",earthquake,0.5,0.9,0.113,6,reviewed,nm,nm
2004-06-12T12:41:48.890Z,-57.89,-8.261,10,5.1,mwc,30,94,,1.27,us,usp000cxs6,2025-12-19T23:13:17.319Z,"east of the South Sandwich Islands",earthquake,,,,,reviewed,us,hrv
2004-06-12T12:37:47.010Z,-14.992,-178.346,10,4.7,mb,17,180.3,,1.43,us,usp000cxs5,2014-11-07T01:22:37.139Z,"79 km SSW of Alo, Wallis and Futuna",earthquake,,,,3,reviewed,us,us
2004-06-12T12:16:40.330Z,52.803,-163.13,1,2.9,ml,17,281.4,,,us,usp000cxs3,2019-02-13T01:10:28.766Z,"229 km S of False Pass, Alaska",earthquake,,,,,reviewed,aeic,aeic
2004-06-12T11:55:08.800Z,43.212,-1.208,10,2.7,ml,35,76.4,,,us,usp000cxs2,2014-11-07T01:22:37.129Z,"5 km NNE of Saint-Jean-Pied-de-Port, France",earthquake,,,,,reviewed,ldg,str
2004-06-12T11:45:22.440Z,36.531,26.766,152.9,4.2,mb,89,129.2,,0.98,us,usp000cxs1,2014-11-07T01:22:37.121Z,"29 km SW of Kéfalos, Greece",earthquake,,5.8,,31,reviewed,us,us
2004-06-12T11:17:25.200Z,39.647,95.321,46.1,4.6,mb,54,60,,0.93,us,usp000cxs0,2014-11-07T01:22:37.116Z,"207 km W of Laojunmiao, China",earthquake,,8.7,,14,reviewed,us,us
2004-06-12T11:15:31.370Z,43.417,-128.232,10,3.3,mb,31,289.9,,0.62,us,usp000cxrz,2014-11-07T01:22:37.114Z,"off the coast of Oregon",earthquake,,,,1,reviewed,us,us
2004-06-12T10:49:54.390Z,-8.607,156.436,10,4.4,mb,10,141.1,,0.87,us,usp000cxrx,2014-11-07T01:22:37.111Z,"71 km SW of Gizo, Solomon Islands",earthquake,,,,3,reviewed,us,us
2004-06-12T10:49:52.410Z,-30.488,-178.66,441,4.1,mb,14,114.9,,1.52,us,usp000cxrw,2014-11-07T01:22:37.109Z,"Kermadec Islands, New Zealand",earthquake,,34.4,,4,reviewed,us,us
2004-06-12T10:42:48.150Z,38.8145,-122.8133333,0.646,3.19,ml,58,29,0.01351,0.08,nc,nc21370326,2017-01-07T15:34:02.150Z,"7 km W of Cobb, California",earthquake,0.13,0.25,,9,automatic,nc,nc
2004-06-12T09:55:34.000Z,41.894,19.708,13.5,2.7,ml,14,87.3,,,us,usp000cxrt,2014-11-07T01:22:37.103Z,"13 km NE of Shëngjin, Albania",earthquake,,,,,reviewed,pdg,pdg
2004-06-12T09:39:48.073Z,51.9593,179.5535,178,3,ml,,,,0.43,ak,ak0047jdqa2f,2019-02-13T01:10:36.861Z,"262 km W of Adak, Alaska",earthquake,,116.1,,,reviewed,ak,ak
2004-06-12T09:11:09.400Z,19.213,-68.009,25.3,3.1,md,6,333.3,,,us,usp000cxrq,2014-11-07T01:22:37.099Z,"81 km NNE of Punta Cana, Dominican Republic",earthquake,,,,,reviewed,rspr,rspr
2004-06-12T09:06:04.980Z,2.217,-84.522,10,4.1,mb,11,184.5,,1.12,us,usp000cxrp,2014-11-07T01:22:37.097Z,"off the coast of Central America",earthquake,,,,4,reviewed,us,us
2004-06-12T07:27:13.260Z,4.962,-82.596,10,4.5,mb,44,81,,1.31,us,usp000cxrj,2014-11-07T01:22:37.089Z,"south of Panama",earthquake,,,,18,reviewed,us,us
2004-06-12T06:44:25.750Z,17.627,-65.402,20.3,3.2,md,10,253.5,,,us,usp000cxrg,2014-11-07T01:22:37.085Z,"52 km S of Esperanza, Puerto Rico",earthquake,,,,,reviewed,rspr,rspr
2004-06-12T06:35:23.210Z,27.967,53.184,45,3.7,mb,11,282.4,,1.42,us,usp000cxrf,2014-11-07T01:22:37.084Z,"54 km NNE of Mohr, Iran",earthquake,,0,,2,reviewed,us,us
2004-06-12T05:25:48.830Z,79.497,4.757,10,4.5,mb,22,156.5,,1.31,us,usp000cxrb,2014-11-07T01:22:37.076Z,"274 km WNW of Longyearbyen, Svalbard and Jan Mayen",earthquake,,,,4,reviewed,us,us
2004-06-12T05:04:10.930Z,-19.888,-175.714,283.3,4.3,mb,16,99.5,,1.04,us,usp000cxr9,2014-11-07T01:22:37.072Z,"142 km W of Pangai, Tonga",earthquake,,37.2,,6,reviewed,us,us
2004-06-12T04:44:34.400Z,45.703,6.952,3,3.7,ml,106,23,,,us,usp000cxr6,2014-11-07T01:22:37.055Z,"1 km S of La Thuile, Italy",earthquake,,,,,reviewed,ldg,ldg
2004-06-12T04:05:19.170Z,2.129,128.738,91.3,4.3,mb,12,135.9,,1.25,us,usp000cxr5,2014-11-07T01:22:37.054Z,"92 km ENE of Tobelo, Indonesia",earthquake,,70.4,,1,reviewed,us,us
2004-06-12T03:41:24.690Z,9.776,121.696,33.7,4.6,mb,21,135.9,,1.44,us,usp000cxr3,2014-11-07T01:22:37.050Z,"77 km W of Cartagena, Philippines",earthquake,,,,4,reviewed,us,us
2004-06-12T03:38:14.450Z,53.348,-163.513,5.1,2.5,ml,11,284.7,,,us,usp000cxr2,2019-02-13T01:10:26.831Z,"167 km S of False Pass, Alaska",earthquake,,,,,reviewed,aeic,aeic
2004-06-12T03:30:34.260Z,43.346,17.467,10,2.5,ml,23,108.7,,,us,usp000cxr1,2014-11-07T01:22:37.045Z,"5 km SSW of Ko?erin, Bosnia and Herzegovina",earthquake,,,,,reviewed,pdg,zag
2004-06-12T03:03:18.470Z,0.262,98.695,67.4,4.6,mb,24,179.9,,0.72,us,usp000cxr0,2014-11-07T01:22:37.042Z,"139 km SSW of Padangsidempuan, Indonesia",earthquake,,20.4,,7,reviewed,us,us
2004-06-12T02:36:07.260Z,44.961,147.383,153.8,4.4,mb,75,134.8,,0.76,us,usp000cxqz,2014-11-07T01:22:37.034Z,"48 km SW of Kuril’sk, Russia",earthquake,,6.5,,35,reviewed,us,us
2004-06-12T01:42:19.250Z,36.707,69.604,10,4.1,mb,11,198.8,,1.13,us,usp000cxqw,2014-11-07T01:22:37.025Z,"6 km ESE of Taloqan, Afghanistan",earthquake,,,,2,reviewed,us,us
2004-06-12T01:04:44.300Z,44.19,6.51,10,3,ml,67,29.8,,,us,usp000cxqs,2014-11-07T01:22:37.009Z,"16 km E of Le Brusquet, France",earthquake,,,,,reviewed,str,gen
2004-06-12T00:34:36.440Z,40.481,70.132,10,3.7,mb,12,208.6,,0.96,us,usp000cxqr,2014-11-07T01:22:37.007Z,"22 km SSE of Adrasmon, Tajikistan",earthquake,,,,2,reviewed,us,us
2004-06-12T00:12:51.260Z,19.043,145.388,182.9,4,mb,19,119.3,,1.17,us,usp000cxqq,2014-11-07T01:22:37.005Z,"Maug Islands region, Northern Mariana Islands",earthquake,,13.7,,2,reviewed,us,us
2004-06-12T00:10:26.790Z,42.379,21.73,10,3.5,ml,57,46.6,,1.27,us,usp000cxqp,2014-11-07T01:22:36.999Z,"0 km SW of Samoljica, Serbia",earthquake,,,,,reviewed,us,sko
2004-06-11T23:34:56.360Z,45.112,7.345,9.9,2.7,ml,37,82.5,,,us,usp000cxqn,2014-11-07T01:22:36.994Z,"1 km SE of Caprie, Italy",earthquake,,,,,reviewed,gen,gen
2004-06-11T22:39:00.870Z,55.657,160.03,188,3.9,mb,27,93.1,,1,us,usp000cxqh,2014-11-07T01:22:36.977Z,"25 km ENE of Atlasovo, Russia",earthquake,,11.8,,6,reviewed,us,us
2004-06-11T22:36:36.340Z,44.352,9.149,7.1,2.8,ml,49,61.6,,,us,usp000cxqg,2014-11-07T01:22:36.972Z,"0 km WNW of Camogli, Italy",earthquake,,,,,reviewed,gen,gen
2004-06-11T22:34:50.740Z,4.501,123.732,522.5,4.2,mb,30,151.6,,0.83,us,usp000cxqf,2014-11-07T01:22:36.969Z,"190 km SSW of Maitum, Philippines",earthquake,,13.1,,6,reviewed,us,us
2004-06-11T22:00:55.770Z,46.7391667,-122.7776667,0.402,2.9,md,12,103,0.0862,0.12,uw,uw10609413,2016-07-23T02:06:03.120Z,"9 km SE of Bucoda, Washington",explosion,0.523,0.99,0.02,5,reviewed,uw,uw
2004-06-11T20:46:19.100Z,16.226,-98.177,8.9,4.4,mb,36,190.3,,,us,usp000cxqd,2014-11-07T01:22:36.963Z,"1 km SE of Corralero, Mexico",earthquake,,,,4,reviewed,unm,us
2004-06-11T20:45:37.800Z,-33.321,-72.891,26.4,3,ml,9,326,,,us,usp000cxqc,2014-11-07T01:22:36.962Z,"121 km WSW of Valparaíso, Chile",earthquake,,,,,reviewed,guc,guc
2004-06-11T20:28:49.650Z,48.6315,-121.6558333,-1.074,2.8,md,25,159,,0.44,uw,uw10609348,2016-07-23T02:05:59.600Z,"12 km NNE of Concrete, Washington",earthquake,0.211,0.41,0.05,11,reviewed,uw,uw
2004-06-11T19:31:50.340Z,48.046,146.991,444,3.8,mb,22,128.6,,0.64,us,usp000cxq8,2014-11-07T01:22:36.953Z,"Sea of Okhotsk",earthquake,,8.5,,1,reviewed,us,us
2004-06-11T19:06:56.970Z,-8.155,123.447,25,4.7,mb,26,108.7,,1.06,us,usp000cxq6,2014-11-07T01:22:36.948Z,"145 km ENE of Maumere, Indonesia",earthquake,,0,,5,reviewed,us,us
2004-06-11T19:05:28.000Z,50.43,-130.12,10,3.8,ml,56,176.1,,,us,usp000cxq5,2014-11-07T01:22:36.944Z,"215 km W of Port McNeill, Canada",earthquake,,,,,reviewed,pgc,pgc
2004-06-11T18:24:44.110Z,35.5743333,-120.7886667,2.372,2.59,md,57,61,0.09189,0.09,nc,nc21370240,2017-01-07T15:31:30.250Z,"7 km WNW of Templeton, California",earthquake,0.18,0.96,0.09,53,reviewed,nc,nc
2004-06-11T18:13:20.550Z,35.6738333,-121.0945,-0.239,3.08,ml,66,159,0.1856,0.11,nc,nc21370238,2017-01-07T15:31:22.020Z,"9 km ENE of San Simeon, California",earthquake,0.29,1.61,,5,automatic,nc,nc
2004-06-11T17:42:30.400Z,51.767,177.449,65.3,3.6,ml,28,131.4,,0.56,us,usp000cxq1,2019-02-13T01:10:09.722Z,"Rat Islands, Aleutian Islands, Alaska",earthquake,,4.9,,,reviewed,us,aeic
2004-06-11T17:05:33.090Z,39.953,142.11,69.3,4.6,mb,112,118.7,,0.85,us,usp000cxq0,2014-11-07T01:22:36.923Z,"36 km NNE of Miyako, Japan",earthquake,,6.3,,49,reviewed,us,us
2004-06-11T16:33:27.600Z,45.294,150.763,31.7,5.2,mwc,276,115.3,,0.72,us,usp000cxpz,2025-12-19T23:13:15.970Z,"226 km E of Kuril’sk, Russia",earthquake,,,,,reviewed,us,hrv
2004-06-11T16:23:40.878Z,56.6421,-155.69,9.1,2.8,ml,,,,0.37,ak,ak0047hu9isn,2019-02-13T01:10:09.414Z,"98 km WSW of Akhiok, Alaska",earthquake,,65.4,,,reviewed,ak,ak
2004-06-11T15:24:31.060Z,36.322,71.091,128.1,4,mb,15,149.5,,0.96,us,usp000cxpv,2014-11-07T01:22:36.894Z,"56 km SW of Ashk?sham, Afghanistan",earthquake,,21.1,,1,reviewed,us,us
2004-06-11T14:21:15.510Z,37.104,-9.708,10,3,mblg,40,265.7,,0.52,us,usp000cxpt,2014-11-07T01:22:36.888Z,"68 km W of Sagres, Portugal",earthquake,,,,,reviewed,us,mdd
2004-06-11T13:30:41.050Z,51.436,-175.936,19.9,3.8,ml,8,231.6,,,us,usp000cxpr,2019-02-13T01:10:20.449Z,"68 km SE of Adak, Alaska",earthquake,,,,,reviewed,aeic,aeic
2004-06-11T12:42:43.700Z,42.572,13.154,5.6,2.7,md,11,104.3,,,us,usp000cxpq,2014-11-07T01:22:36.882Z,"4 km S of Cittareale, Italy",earthquake,,,,,reviewed,rom,rom
2004-06-11T12:25:04.410Z,-35.245,-106.425,10,5.4,mwc,81,75.7,,0.77,us,usp000cxpp,2025-12-19T23:13:15.301Z,"southern East Pacific Rise",earthquake,,,,,reviewed,us,hrv
2004-06-11T12:09:35.620Z,53.855,-163.494,10,3.4,ml,9,279.8,,,us,usp000cxpn,2019-02-13T01:10:08.520Z,"111 km S of False Pass, Alaska",earthquake,,,,,reviewed,aeic,aeic
2004-06-11T11:39:01.940Z,36.272,69.462,42.4,4.5,mb,33,164,,0.82,us,usp000cxpm,2014-11-07T01:22:36.870Z,"37 km NE of Nahr?n, Afghanistan",earthquake,,18.9,,12,reviewed,us,us
2004-06-11T11:21:07.000Z,38.432,13.166,5,2.7,md,6,132.8,,,us,usp000cxpk,2014-11-07T01:22:36.868Z,"27 km NNW of Isola delle Femmine, Italy",earthquake,,,,,reviewed,rom,rom
2004-06-11T11:02:20.930Z,27.799,53.11,48.4,4.4,mb,59,94.4,,0.64,us,usp000cxph,2014-11-07T01:22:36.860Z,"35 km NE of Mohr, Iran",earthquake,,11.3,,26,reviewed,us,us
2004-06-11T10:38:38.890Z,-24.314,179.881,536.3,4.1,mb,27,126.6,,0.9,us,usp000cxpf,2014-11-07T01:22:36.854Z,"south of the Fiji Islands",earthquake,,17.5,,6,reviewed,us,us
2004-06-11T10:37:16.710Z,58.3642,-153.5502,62.8,2.8,ml,,,,0.4,ak,ak0047hqrvbr,2019-02-13T01:10:07.796Z,"50 km NW of Aleneva, Alaska",earthquake,,2.2,,,reviewed,ak,ak
2004-06-11T10:27:17.170Z,53.816,-163.45,13,3.2,ml,10,278,,,us,usp000cxpd,2019-02-13T01:10:18.128Z,"115 km S of False Pass, Alaska",earthquake,,,,,reviewed,aeic,aeic
2004-06-11T10:25:25.150Z,53.97,-163.59,18.3,4.5,mb,98,153.8,,0.8,us,usp000cxpc,2019-02-13T01:10:07.429Z,"99 km S of False Pass, Alaska",earthquake,,,,26,reviewed,us,us
2004-06-11T10:22:31.950Z,53.829,-163.478,15.2,3.6,ml,37,173.7,,,us,usp000cxp9,2019-02-13T01:10:07.091Z,"114 km S of False Pass, Alaska",earthquake,,,,,reviewed,aeic,aeic
2004-06-11T09:55:57.580Z,53.749,-163.335,25,2.9,ml,8,314.8,,,us,usp000cxp6,2019-02-13T01:10:17.500Z,"123 km S of False Pass, Alaska",earthquake,,,,,reviewed,aeic,aeic
2004-06-11T09:15:35.060Z,53.956,-163.573,21.1,4.6,mb,142,125.7,,0.86,us,usp000cxp4,2019-02-13T01:10:06.709Z,"100 km S of False Pass, Alaska",earthquake,,,,43,reviewed,us,us
2004-06-11T09:15:04.550Z,-20.832,-178.803,570,3.8,mb,12,190.8,,0.49,us,usp000cxp3,2014-11-07T01:22:36.317Z,"Fiji region",earthquake,,,,2,reviewed,us,us
2004-06-11T08:23:34.160Z,34.376,141.648,35.5,3.9,mb,18,124.9,,0.61,us,usp000cxp2,2014-11-07T01:22:36.315Z,"148 km SE of Katsuura, Japan",earthquake,,13.6,,1,reviewed,us,us
2004-06-11T08:09:20.720Z,-41.502,-16.638,10,4.4,mb,9,183.2,,0.93,us,usp000cxp1,2014-11-07T01:22:36.314Z,"southern Mid-Atlantic Ridge",earthquake,,,,3,reviewed,us,us
2004-06-11T07:57:47.300Z,-22.212,-179.594,593.5,4.1,mb,48,122.2,,0.79,us,usp000cxp0,2014-11-07T01:22:36.308Z,"south of the Fiji Islands",earthquake,,20.8,,7,reviewed,us,us
2004-06-11T07:09:22.010Z,-27.968,-90.923,10,5,mwc,115,75.5,,1.05,us,usp000cxnz,2025-12-19T23:13:14.568Z,"southeast central Pacific Ocean",earthquake,,,,,reviewed,us,hrv
2004-06-11T07:04:32.700Z,14.474,-94.583,18.3,4.3,md,10,242.9,,,us,usp000cxny,2014-11-07T01:22:36.291Z,"182 km SW of Manuel Ávila Camacho (Ponte Duro), Mexico",earthquake,,,,,reviewed,unm,unm
2004-06-11T06:36:27.294Z,55.2786,-161.8452,123.3,2.5,ml,,,,0.36,ak,ak0047hody09,2019-02-13T01:10:06.079Z,"38 km NE of King Cove, Alaska",earthquake,,0.6,,,reviewed,ak,ak
2004-06-11T06:36:14.700Z,49.369,6.833,1,2.6,ml,4,293.2,,,us,usp000cxnw,2014-11-07T01:22:36.289Z,"2 km NE of Saarwellingen, Germany",earthquake,,,,,reviewed,ldg,ldg
2004-06-11T05:08:12.610Z,-17.814,-178.901,662.5,4.6,mb,29,121,,0.81,us,usp000cxns,2014-11-07T01:22:36.253Z,"190 km E of Levuka, Fiji",earthquake,,24.3,,10,reviewed,us,us
2004-06-11T03:53:13.000Z,41.894,16.071,30,2.9,md,11,89.2,,,us,usp000cxnq,2014-11-07T01:22:36.249Z,"7 km SE of Peschici, Italy",earthquake,,,,,reviewed,rom,rom
2004-06-11T03:53:10.750Z,54.102,-162.809,10.7,3,ml,21,218.5,,,us,usp000cxnp,2019-02-13T01:10:05.738Z,"92 km SSE of False Pass, Alaska",earthquake,,,,,reviewed,aeic,aeic
2004-06-11T03:52:31.390Z,14.182,-91.171,43.7,3.6,mb,9,177.3,,0.96,us,usp000cxnn,2014-11-07T01:22:36.245Z,"14 km E of Nueva Concepción, Guatemala",earthquake,,18,,3,reviewed,us,us
2004-06-11T03:46:46.400Z,41.912,16.166,24.9,4.5,ml,166,41.2,,,us,usp000cxnm,2014-11-07T01:22:36.229Z,"3 km N of Vieste, Italy",earthquake,,,,,reviewed,rom,str
2004-06-11T02:31:55.350Z,-3.165,142.321,45,4.1,mb,13,94.8,,0.72,us,usp000cxng,2014-11-07T01:22:36.223Z,"4 km SW of Aitape, Papua New Guinea",earthquake,,,,2,reviewed,us,us
2004-06-11T02:28:12.900Z,16.658,-99.413,21,4.1,md,11,193.6,,,us,usp000cxnf,2014-11-07T01:22:36.221Z,"15 km SE of Llano de la Puerta, Mexico",earthquake,,,,,reviewed,unm,unm
2004-06-11T01:14:00.260Z,32.297,140.956,65.1,4.2,mb,19,157.4,,0.6,us,usp000cxnc,2014-11-07T01:22:36.215Z,"Izu Islands, Japan region",earthquake,,10.6,,2,reviewed,us,us
2004-06-11T00:59:42.850Z,85.812,79.146,10,4.3,mb,21,58.5,,1.07,us,usp000cxnb,2014-11-07T01:22:36.213Z,"north of Severnaya Zemlya",earthquake,,,,2,reviewed,us,us
2004-06-11T00:39:44.170Z,13.067,39.751,10,4.5,mb,51,269.7,,0.85,us,usp000cxna,2014-11-07T01:22:36.208Z,"38 km NE of Maych’ew, Ethiopia",earthquake,,,,19,reviewed,us,us
2004-06-11T00:37:40.200Z,-21.983,-179.681,605,4.3,mb,33,120.7,,0.76,us,usp000cxn9,2014-11-07T01:22:36.204Z,"Fiji region",earthquake,,,,5,reviewed,us,us
2004-06-11T00:31:11.000Z,41.569,14.473,9.7,2.6,md,7,175.5,,,us,usp000cxn8,2014-11-07T01:22:36.202Z,"0 km SSE of Sant'Elena Sannita, Italy",earthquake,,,,,reviewed,rom,rom
2004-06-11T00:21:50.260Z,-23.152,-175.386,40.3,4.8,mb,39,65.7,,1.03,us,usp000cxn7,2014-11-07T01:22:36.196Z,"206 km SSW of ‘Ohonua, Tonga",earthquake,,,,5,reviewed,us,us
2004-06-11T00:09:47.860Z,36.607,-11.362,10,3.5,m,7,300,,0.61,us,usp000cxn6,2014-11-07T01:22:36.164Z,"220 km WSW of Sagres, Portugal",earthquake,,,,,reviewed,us,mdd
2004-06-10T23:52:21.320Z,-23.316,-175.344,10,4.7,mb,14,121.5,,1.13,us,usp000cxn4,2014-11-07T01:22:36.160Z,"223 km S of ‘Ohonua, Tonga",earthquake,,0,,3,reviewed,us,us
2004-06-10T23:50:59.900Z,43.068,12.872,10,2.6,md,6,115.9,,,us,usp000cxn3,2014-11-07T01:22:36.159Z,"6 km W of Serravalle di Chienti, Italy",earthquake,,,,,reviewed,rom,rom
2004-06-10T22:57:32.490Z,28.502,129.209,93.1,4,mb,10,144.7,,1.1,us,usp000cxn0,2014-11-07T01:22:36.155Z,"30 km WNW of Naze, Japan",earthquake,,11.2,,2,reviewed,us,us
2004-06-10T22:39:07.510Z,51.361,-175.955,22.5,2.9,ml,12,230.2,,,us,usp000cxmz,2019-02-13T01:09:59.112Z,"73 km SE of Adak, Alaska",earthquake,,,,,reviewed,aeic,aeic
2004-06-10T22:32:07.250Z,-22.772,-175.637,25,4.9,mb,14,133.5,,1.48,us,usp000cxmy,2014-11-07T01:22:36.151Z,"174 km SSW of ‘Ohonua, Tonga",earthquake,,0,,3,reviewed,us,us
2004-06-10T22:20:10.470Z,36.161,71.343,116.8,4.2,mb,31,97.3,,0.81,us,usp000cxmx,2014-11-07T01:22:36.148Z,"60 km SSW of Ashk?sham, Afghanistan",earthquake,,14.4,,10,reviewed,us,us
2004-06-10T22:09:50.153Z,58.0835,-152.9855,57.3,2.5,ml,,,,0.33,ak,ak0047ga7smf,2019-02-13T01:09:58.799Z,"5 km WNW of Aleneva, Alaska",earthquake,,1.7,,,reviewed,ak,ak
2004-06-10T22:07:14.170Z,-23.181,-175.495,10,4.9,mb,28,121.5,,1.1,us,usp000cxmw,2014-11-07T01:22:36.143Z,"212 km SSW of ‘Ohonua, Tonga",earthquake,,,,8,reviewed,us,us
2004-06-10T22:06:53.480Z,1.429,125.745,10,4.4,mb,11,188.4,,0.9,us,usp000cxmv,2014-11-07T01:22:36.142Z,"86 km E of Laikit, Laikit II (Dimembe), Indonesia",earthquake,,,,3,reviewed,us,us
2004-06-10T21:54:37.040Z,1.797,126.601,39,4.8,mb,52,102.9,,1.03,us,usp000cxmt,2014-11-07T01:22:36.136Z,"141 km NW of Ternate, Indonesia",earthquake,,18,,29,reviewed,us,us
2004-06-10T21:53:48.700Z,35.4,26.99,5,3.5,md,7,195.8,,,us,usp000cxms,2014-11-07T01:22:36.135Z,"6 km ESE of Fry, Greece",earthquake,,,,,reviewed,ath,ath
2004-06-10T21:43:15.830Z,46.7415,-122.7856667,-0.563,3,md,8,112,0.09144,0.15,uw,uw10609048,2016-07-23T02:05:53.940Z,"9 km SE of Bucoda, Washington",explosion,0.036,0.07,0.02,4,reviewed,uw,uw
2004-06-10T21:22:01.500Z,37.4,24.16,31,2.6,ml,6,323.8,,,us,usp000cxmr,2014-11-07T01:22:36.133Z,"36 km SSE of Lávrio, Greece",earthquake,,,,,reviewed,ath,ath
2004-06-10T21:03:19.840Z,-27.67,-178.054,400,4.3,mb,12,192.2,,1.08,us,usp000cxmq,2014-11-07T01:22:36.132Z,"Kermadec Islands region",earthquake,,,,4,reviewed,us,us
2004-06-10T21:02:26.550Z,10.673,-85.465,85,4.2,mb,7,191.9,,0.7,us,usp000cxmp,2014-11-07T01:22:36.130Z,"5 km NW of Liberia, Costa Rica",earthquake,,,,2,reviewed,us,us
2004-06-10T20:57:04.200Z,42.864,12.989,10,2.9,md,7,114.2,,,us,usp000cxmn,2014-11-07T01:22:36.129Z,"4 km WSW of Preci, Italy",earthquake,,,,,reviewed,rom,rom
2004-06-10T20:52:15.690Z,-23.43,-175.559,10,5,mb,28,95.7,,1.02,us,usp000cxmm,2014-11-07T01:22:36.124Z,"240 km SSW of ‘Ohonua, Tonga",earthquake,,,,7,reviewed,us,us
2004-06-10T20:33:06.170Z,-30.257,-178.702,143.1,5.6,mwc,142,31.6,,0.96,us,usp000cxmk,2022-05-02T17:13:58.167Z,"Kermadec Islands, New Zealand",earthquake,,,,,reviewed,us,hrv
2004-06-10T20:30:00.870Z,-4.572,133.558,30,4,mb,8,177.6,,1.35,us,usp000cxmj,2014-11-07T01:22:36.103Z,"147 km NE of Tual, Indonesia",earthquake,,0,,3,reviewed,us,us
2004-06-10T20:16:46.300Z,11.305,-85.245,10,4.1,mb,10,164.1,,0.85,us,usp000cxmh,2014-11-07T01:22:36.102Z,"31 km ENE of Cárdenas, Nicaragua",earthquake,,,,3,reviewed,us,us
2004-06-10T19:52:45.520Z,31.582,138.22,382.1,4.4,mb,69,113.1,,0.76,us,usp000cxmf,2014-11-07T01:22:36.094Z,"Izu Islands, Japan region",earthquake,,5.1,,25,reviewed,us,us
2004-06-10T19:45:20.490Z,3.82,126.618,10,3.8,mb,11,177.7,,0.92,us,usp000cxmd,2014-11-07T01:22:36.092Z,"216 km SE of Sarangani, Philippines",earthquake,,,,1,reviewed,us,us
2004-06-10T19:35:31.160Z,1.243,97.31,30,4.9,mb,51,58.2,,0.96,us,usp000cxmb,2014-11-07T01:22:36.084Z,"127 km SSW of Singkil, Indonesia",earthquake,,,,21,reviewed,us,us
2004-06-10T18:53:36.830Z,51.516,16.017,5,2.5,ml,11,150.3,,1.37,us,usp000cxma,2014-11-07T01:22:36.081Z,"4 km WNW of Polkowice, Poland",earthquake,,,,,reviewed,us,brg
2004-06-10T18:12:09.290Z,42.395,142.958,49.9,5.8,mwc,262,34.2,,0.8,us,usp000cxm8,2022-05-02T17:13:57.076Z,"49 km E of Shizunai-furukawach?, Japan",earthquake,,,,,reviewed,us,hrv
2004-06-10T18:11:16.320Z,32.271,137.594,392,4.6,mb,149,95.6,,0.65,us,usp000cxm7,2014-11-07T01:22:36.038Z,"221 km SE of Shing?, Japan",earthquake,,3.9,,50,reviewed,us,us
2004-06-10T17:44:05.100Z,38.12,23.23,5,3,ml,16,65.2,,,us,usp000cxm6,2014-11-07T01:22:36.036Z,"10 km WSW of Vília, Greece",earthquake,,,,,reviewed,ath,ath
2004-06-10T17:17:58.530Z,12.594,126.206,10,5,mb,95,58.4,,0.8,us,usp000cxm5,2014-11-07T01:22:36.027Z,"88 km ENE of San Policarpo, Philippines",earthquake,,,,33,reviewed,us,us
2004-06-10T16:41:32.860Z,9.952,-82.879,10,4.2,mb,38,74.1,,0.95,us,usp000cxm4,2014-11-07T01:22:36.022Z,"17 km ESE of Limón, Costa Rica",earthquake,,,,8,reviewed,us,us
2004-06-10T16:37:06.200Z,39.903,74.475,60,3.7,mb,14,137.7,,1.4,us,usp000cxm2,2014-11-07T01:22:36.019Z,"138 km WNW of Kashgar, China",earthquake,,,,2,reviewed,us,us
2004-06-10T16:31:10.510Z,-24.877,-179.121,550,4.3,mb,12,232.9,,0.46,us,usp000cxm1,2014-11-07T01:22:36.017Z,"south of the Fiji Islands",earthquake,,,,4,reviewed,us,us
2004-06-10T16:12:51.960Z,-5.291,144.138,35,4.4,mb,18,105,,1.44,us,usp000cxky,2014-11-07T01:22:36.011Z,"51 km ENE of Wabag, Papua New Guinea",earthquake,,,,4,reviewed,us,us
2004-06-10T15:58:10.660Z,22.854,121.362,26.4,4.5,mb,42,103.3,,1.13,us,usp000cxkx,2014-11-07T01:22:36.007Z,"97 km ESE of Yujing, Taiwan",earthquake,,19.2,,16,reviewed,us,us
2004-06-10T15:19:57.750Z,55.682,160.003,188.6,6.9,mwb,798,31.2,,0.81,us,usp000cxkw,2022-05-02T17:13:56.003Z,"24 km ENE of Atlasovo, Russia",earthquake,,,,,reviewed,us,us
2004-06-10T15:03:40.260Z,9.817,-82.832,21.7,5,mwc,133,39.1,,0.96,us,usp000cxkv,2022-05-02T17:13:54.959Z,"29 km SE of Limón, Costa Rica",earthquake,,,,,reviewed,us,hrv
2004-06-10T14:24:37.000Z,38.86,23.65,5,3,ml,6,323.7,,,us,usp000cxkt,2014-11-07T01:22:35.909Z,"16 km ENE of Mantoúdi, Greece",earthquake,,,,,reviewed,ath,ath
2004-06-10T14:11:27.290Z,-27.991,-176.674,10,5.4,mwc,68,119.1,,1.21,us,usp000cxks,2025-12-19T22:37:52.476Z,"Kermadec Islands region",earthquake,,,,,reviewed,us,hrv
2004-06-10T13:49:34.700Z,-32.652,-70.041,123.7,2.6,md,12,230.1,,,us,usp000cxkr,2014-11-07T01:22:35.898Z,"55 km ENE of Los Andes, Chile",earthquake,,,,,reviewed,guc,guc
2004-06-10T13:45:49.280Z,-21.73,-178.629,540,4,mb,11,285.3,,0.39,us,usp000cxkq,2014-11-07T01:22:35.896Z,"Fiji region",earthquake,,,,3,reviewed,us,us
2004-06-10T12:37:34.790Z,34.284,141.854,45,4.6,mb,10,157.4,,1.51,us,usp000cxkn,2014-11-07T01:22:35.893Z,"170 km SE of Katsuura, Japan",earthquake,,0,,2,reviewed,us,us
2004-06-10T12:30:09.860Z,34.236,-97.267,5,2.9,mblg,13,127.3,,0.41,us,usp000cxkm,2014-11-07T01:22:35.891Z,"6 km N of Lone Grove, Oklahoma",earthquake,,,,,reviewed,us,us
2004-06-10T12:28:59.640Z,-15.261,-173.528,10,4.5,mb,15,138.2,,0.62,us,usp000cxkk,2014-11-07T01:22:35.890Z,"81 km NNE of Hihifo, Tonga",earthquake,,,,3,reviewed,us,us
2004-06-10T12:17:50.270Z,-21.119,-178.695,573.5,4.4,mb,37,86.3,,1.04,us,usp000cxkj,2014-11-07T01:22:35.886Z,"Fiji region",earthquake,,26.1,,19,reviewed,us,us
2004-06-10T12:01:19.800Z,-33.369,179.009,150,4.4,mb,13,251,,0.48,us,usp000cxkh,2014-11-07T01:22:35.884Z,"south of the Kermadec Islands",earthquake,,,,4,reviewed,us,us
2004-06-10T11:49:27.986Z,51.185,-179.1346,6.5,3,ml,,,,0.57,ak,ak0047g3wjwe,2019-02-13T01:10:03.589Z,"189 km WSW of Adak, Alaska",earthquake,,4.2,,,reviewed,ak,ak
2004-06-10T11:24:03.800Z,39.08,100.013,10,4.7,mb,42,72.4,,0.85,us,usp000cxkg,2014-11-07T01:22:35.880Z,"41 km WNW of Zhangye, China",earthquake,,,,15,reviewed,us,us
2004-06-10T11:13:42.600Z,-23.206,-175.359,10,5.2,mwc,81,93.7,,1.06,us,usp000cxkf,2025-12-19T23:13:13.776Z,"211 km SSW of ‘Ohonua, Tonga",earthquake,,,,,reviewed,us,hrv
2004-06-10T10:38:56.430Z,-15.213,-173.504,10,4.5,mb,11,123.9,,0.82,us,usp000cxkd,2014-11-07T01:22:35.868Z,"87 km NNE of Hihifo, Tonga",earthquake,,,,3,reviewed,us,us
2004-06-10T10:31:22.000Z,37.699,13.902,26.1,3.6,ml,28,76.3,,,us,usp000cxkc,2014-11-07T01:22:35.864Z,"6 km ENE of Vallelunga Pratameno, Italy",earthquake,,,,,reviewed,rom,ldg
2004-06-10T09:50:38.720Z,-15.23,-173.476,10,5.4,mwc,117,118.4,,1.12,us,usp000cxka,2025-12-19T23:13:13.053Z,"87 km NNE of Hihifo, Tonga",earthquake,,0,,,reviewed,us,hrv
2004-06-10T09:50:12.940Z,3.835,126.142,10,4.7,mb,11,176.7,,1.15,us,usp000cxk9,2014-11-07T01:22:35.848Z,"189 km SSE of Sarangani, Philippines",earthquake,,,,3,reviewed,us,us
2004-06-10T09:45:28.010Z,11.59,-87.922,10,4.2,mb,21,175.5,,0.96,us,usp000cxk8,2014-11-07T01:22:35.845Z,"128 km SW of Corinto, Nicaragua",earthquake,,,,5,reviewed,us,us
2004-06-10T09:35:10.780Z,1.245,126.904,92.1,5.2,mwc,93,64.6,,0.86,us,usp000cxk7,2025-12-19T23:13:12.386Z,"73 km NW of Ternate, Indonesia",earthquake,,,,,reviewed,us,hrv
2004-06-10T09:06:17.930Z,11.34,-87.911,10,4.9,mb,98,86.7,,1.08,us,usp000cxk6,2014-11-07T01:22:35.827Z,"149 km SSW of Corinto, Nicaragua",earthquake,,,,32,reviewed,us,us
2004-06-10T08:59:54.200Z,11.453,-87.652,10,5.9,mwc,385,55.6,,0.91,us,usp000cxk4,2022-05-02T17:13:53.882Z,"125 km SSW of Corinto, Nicaragua",earthquake,,,,,reviewed,us,hrv
2004-06-10T08:59:38.940Z,-5.896,151.417,49.6,4.3,mb,11,174.6,,1.29,us,usp000cxk3,2014-11-07T01:22:35.785Z,"146 km ESE of Kimbe, Papua New Guinea",earthquake,,19.4,,3,reviewed,us,us
2004-06-10T08:58:58.210Z,41.016,33.432,6.3,3.8,ml,30,39.6,,,us,usp000cxk2,2014-11-07T01:22:35.781Z,"19 km WNW of Ilgaz, Turkey",earthquake,,,,,reviewed,isk,isk
2004-06-10T08:50:01.200Z,17.52,-95.105,128.5,4,md,9,121.9,,,us,usp000cxk1,2014-11-07T01:22:35.779Z,"4 km E of El Paraíso, Mexico",earthquake,,,,,reviewed,unm,unm
2004-06-10T08:45:28.871Z,56.83,-155.3286,19,2.6,ml,,,,0.37,ak,ak0047g23eaf,2019-02-13T01:09:56.805Z,"71 km W of Akhiok, Alaska",earthquake,,21.1,,,reviewed,ak,ak
2004-06-10T08:34:08.600Z,-30.631,-69.207,10,3.3,ml,4,293.6,,,us,usp000cxjy,2014-11-07T01:22:35.747Z,"61 km SW of San José de Jáchal, Argentina",earthquake,,,,,reviewed,guc,guc
2004-06-10T07:58:58.800Z,35.102,-119.0133333,11.731,2.52,ml,17,95,0.04289,0.26,ci,ci14063700,2016-02-17T06:23:05.751Z,"19km NNW of Grapevine, California",earthquake,0.75,1.17,,1,reviewed,ci,ci
2004-06-10T07:52:59.000Z,44.024,12.005,38.2,2.6,md,16,78.8,,,us,usp000cxjv,2014-11-07T01:22:35.739Z,"2 km S of Cusercoli, Italy",earthquake,,,,,reviewed,rom,rom
2004-06-10T07:50:51.360Z,51.101,15.76,5,2.5,ml,9,207.9,,1.55,us,usp000cxju,2014-11-07T01:22:35.737Z,"11 km NNE of Wle?, Poland",earthquake,,,,,reviewed,us,brg
2004-06-10T07:43:49.000Z,16.082,-97.579,14.3,3.7,md,5,232,,,us,usp000cxjt,2014-11-07T01:22:35.718Z,"4 km SSE of La Luz, Mexico",earthquake,,,,,reviewed,unm,unm
2004-06-10T07:36:08.230Z,39.072,100.091,37.6,4.6,mb,52,99.8,,0.59,us,usp000cxjs,2014-11-07T01:22:35.688Z,"34 km WNW of Zhangye, China",earthquake,,8.3,,20,reviewed,us,us
2004-06-10T07:34:06.700Z,16.235,-98.463,14.9,3.8,md,4,292.8,,,us,usp000cxjr,2014-11-07T01:22:35.687Z,"11 km S of Santiago Tepextla, Mexico",earthquake,,,,,reviewed,unm,unm
2004-06-10T07:22:18.570Z,59.5974,-152.7989,82.8,2.9,ml,,,,0.52,ak,ak0047g1d0f5,2019-02-13T01:09:56.026Z,"56 km WNW of Nanwalek, Alaska",earthquake,,0.7,,,reviewed,ak,ak
2004-06-10T06:50:02.625Z,56.9879,-153.7686,38.1,2.7,ml,,,,0.52,ak,ak0047g0xjmu,2019-02-13T01:09:55.687Z,"24 km E of Akhiok, Alaska",earthquake,,10.1,,,reviewed,ak,ak
2004-06-10T06:42:28.600Z,44.14,7.24,5,2.8,ml,34,46.1,,,us,usp000cxjn,2014-11-07T01:22:35.674Z,"7 km N of Saint-Martin-Vésubie, France",earthquake,,,,,reviewed,str,gen
2004-06-10T06:05:22.000Z,35.98,12.669,10,3.4,md,7,269.5,,,us,usp000cxjk,2014-11-07T01:22:35.671Z,"53 km N of Lampedusa, Italy",earthquake,,,,,reviewed,rom,rom
2004-06-10T05:58:07.900Z,16.079,-97.231,25.9,3.6,md,6,184.2,,,us,usp000cxjj,2014-11-07T01:22:35.669Z,"4 km SW of Cerro del Aire, Mexico",earthquake,,,,,reviewed,unm,unm
2004-06-10T05:57:21.340Z,71.249,-8.578,10,4.4,mb,15,123.5,,0.81,us,usp000cxjh,2014-11-07T01:22:35.667Z,"36 km N of Olonkinbyen, Svalbard and Jan Mayen",earthquake,,,,1,reviewed,us,us
2004-06-10T05:47:54.790Z,-24.091,179.793,660,4.4,mb,10,190.2,,0.32,us,usp000cxjg,2014-11-07T01:22:35.665Z,"south of the Fiji Islands",earthquake,,,,3,reviewed,us,us
2004-06-10T05:44:08.000Z,36.725,12.694,10,3.1,md,10,204.3,,,us,usp000cxjf,2014-11-07T01:22:35.664Z,"59 km E of Kamma, Italy",earthquake,,,,,reviewed,rom,rom
2004-06-10T05:43:31.910Z,-20.324,-178.028,525.3,4.6,mb,31,80.1,,1.14,us,usp000cxje,2014-11-07T01:22:35.661Z,"Fiji region",earthquake,,27.3,,11,reviewed,us,us
2004-06-10T04:18:55.969Z,55.9763,-153.5789,33,3.2,ml,,,,0.4,ak,ak0047fzjxmk,2019-02-13T01:09:54.745Z,"113 km SSE of Akhiok, Alaska",earthquake,,70.9,,,reviewed,ak,ak
2004-06-10T04:16:39.901Z,39.9761,-117.8462,6.8,3.4,ml,4,243.7,0.213,0.0231,nn,nn00106742,2018-04-24T21:13:00.326Z,"58 km ESE of Lovelock, Nevada",earthquake,,11.5,,,reviewed,nn,nn
2004-06-10T03:25:51.817Z,63.2847,-145.3234,4.7,2.8,ml,,,,1.01,ak,ak0047fyzzpp,2019-02-13T01:09:54.394Z,"26 km NE of Paxson, Alaska",earthquake,,0.3,,,reviewed,ak,ak
2004-06-10T03:18:27.490Z,13.677,-60.479,65.8,4.5,mb,82,65.3,,0.88,us,usp000cxj6,2014-11-07T01:22:35.627Z,"48 km ESE of Micoud, Saint Lucia",earthquake,,,,46,reviewed,us,us
2004-06-10T02:56:46.080Z,14.586,-92.932,68.5,4,mb,38,169.6,,1.1,us,usp000cxj5,2014-11-07T01:22:35.622Z,"56 km WSW of Puerto Madero, Mexico",earthquake,,8.3,,16,reviewed,us,us
2004-06-10T02:14:28.840Z,25.689,102.187,10,4.5,mb,59,87.1,,0.9,us,usp000cxj4,2014-11-07T01:22:35.616Z,"85 km NNW of Majie, China",earthquake,,,,29,reviewed,us,us
2004-06-10T02:12:33.800Z,38.58,24.01,29,3.1,ml,11,154.5,,,us,usp000cxj3,2014-11-07T01:22:35.614Z,"8 km W of Oxílithos, Greece",earthquake,,,,,reviewed,ath,ath
2004-06-10T02:11:33.100Z,38.29,22.08,5,3.2,md,4,174.9,,,us,usp000cxj2,2014-11-07T01:22:35.612Z,"3 km NE of Rododáfni, Greece",earthquake,,,,,reviewed,ath,ath
2004-06-10T01:48:29.340Z,-15.021,-174.79,100,4.2,mb,12,127.6,,0.95,us,usp000cxj1,2014-11-07T01:22:35.609Z,"148 km NW of Hihifo, Tonga",earthquake,,,,3,reviewed,us,us
2004-06-10T00:23:21.850Z,-15.246,-173.521,10,4.8,mb,12,141.9,,1.05,us,usp000cxhz,2014-11-07T01:22:35.605Z,"83 km NNE of Hihifo, Tonga",earthquake,,,,2,reviewed,us,us
2004-06-09T23:58:45.340Z,19.211,-67.586,24.9,3,md,5,321.3,,,us,usp000cxhy,2014-11-07T01:22:35.604Z,"94 km NNW of San Antonio, Puerto Rico",earthquake,,,,,reviewed,rspr,rspr
2004-06-09T23:46:08.500Z,38.01,21.11,5,3.3,md,7,150.6,,,us,usp000cxhx,2014-11-07T01:22:35.602Z,"8 km NNW of Kyllíni, Greece",earthquake,,,,,reviewed,ath,ath
2004-06-09T23:12:22.690Z,36.631,71.506,134.9,4,mb,19,102.9,,1.14,us,usp000cxhw,2014-11-07T01:22:35.600Z,"6 km SSW of Ashk?sham, Afghanistan",earthquake,,21.3,,2,reviewed,us,us
2004-06-09T22:52:08.800Z,-51.603,139.615,10,6.4,mwc,209,34,,1.03,us,usp000cxhv,2022-05-02T17:13:52.758Z,"western Indian-Antarctic Ridge",earthquake,,,,,reviewed,us,hrv
2004-06-09T22:49:44.450Z,-51.566,139.656,10,5.4,mb,151,29.3,,0.94,us,usp000cxhu,2022-05-02T17:13:51.620Z,"western Indian-Antarctic Ridge",earthquake,,,,27,reviewed,us,us
2004-06-09T22:25:21.100Z,37.88,22.98,13,2.8,ml,13,51.4,,,us,usp000cxht,2014-11-07T01:22:35.539Z,"2 km NW of Loutrá Oraías Elénis, Greece",earthquake,,,,,reviewed,ath,ath
2004-06-09T21:51:36.850Z,46.7426667,-122.7756667,0.167,2.8,md,4,149,0.08822,0,uw,uw10608608,2016-07-23T02:05:50.800Z,"9 km SE of Bucoda, Washington",explosion,,,0.01,3,reviewed,uw,uw
2004-06-09T21:18:59.370Z,-15.153,167.37,127.2,4.1,mb,18,194.8,,0.97,us,usp000cxhs,2014-11-07T01:22:35.538Z,"34 km ESE of Port-Olry, Vanuatu",earthquake,,18.6,,4,reviewed,us,us
2004-06-09T21:12:33.400Z,-31.753,-72.07,30.6,2.9,ml,7,249.2,,,us,usp000cxhr,2014-11-07T01:22:35.536Z,"86 km W of Illapel, Chile",earthquake,,,,,reviewed,guc,guc
2004-06-09T20:36:03.720Z,51.617,7.632,10,2.9,ml,13,123.6,,0.78,us,usp000cxhp,2014-11-07T01:22:35.532Z,"0 km W of Bergkamen, Germany",earthquake,,,,,reviewed,us,ldg
2004-06-09T20:18:46.180Z,18.325,-81.839,10,3.6,mb,12,212.8,,0.9,us,usp000cxhn,2014-11-07T01:22:35.530Z,"117 km SSW of George Town, Cayman Islands",earthquake,,,,3,reviewed,us,us
2004-06-09T19:46:20.800Z,-15.091,-173.804,62.7,4.4,mb,36,118.6,,0.82,us,usp000cxhk,2014-11-07T01:22:35.525Z,"95 km N of Hihifo, Tonga",earthquake,,,,8,reviewed,us,us
2004-06-09T19:09:12.580Z,45.56,151.337,57.8,4.6,mb,68,100.8,,0.81,us,usp000cxhh,2014-11-07T01:22:35.517Z,"273 km E of Kuril’sk, Russia",earthquake,,12.3,,27,reviewed,us,us
2004-06-09T18:36:17.100Z,-20.89,-67.539,198.6,4.1,mb,16,97,,1.21,us,usp000cxhg,2014-11-07T01:22:35.515Z,"88 km WSW of Uyuni, Bolivia",earthquake,,9,,1,reviewed,us,us
2004-06-09T18:15:35.680Z,-2.774,138.644,18.8,4,mb,16,102,,0.7,us,usp000cxhe,2014-11-07T01:22:35.511Z,"221 km W of Abepura, Indonesia",earthquake,,35.3,,3,reviewed,us,us
2004-06-09T17:32:35.840Z,34.223,141.656,17.7,4.4,mb,16,124.7,,0.62,us,usp000cxhb,2014-11-07T01:22:35.504Z,"159 km SE of Katsuura, Japan",earthquake,,36.4,,1,reviewed,us,us
2004-06-09T16:52:52.690Z,-20.263,-177.948,561.6,4.5,mb,80,87.2,,0.91,us,usp000cxha,2014-11-07T01:22:35.495Z,"Fiji region",earthquake,,15.8,,21,reviewed,us,us
2004-06-09T16:39:06.200Z,-43.35,171.93,10,3.8,ml,13,86.9,,,us,usp000cxh9,2014-11-07T01:22:35.493Z,"21 km NW of Darfield, New Zealand",earthquake,,,,,reviewed,wel,wel
2004-06-09T16:15:08.070Z,-10.603,124.496,20,4.4,mb,11,149.4,,1.23,us,usp000cxh8,2014-11-07T01:22:35.491Z,"85 km SSE of Soe, Indonesia",earthquake,,0,,1,reviewed,us,us
2004-06-09T15:40:03.960Z,36.507,142.867,34.4,4.5,mb,40,127.5,,0.75,us,usp000cxh7,2014-11-07T01:22:35.486Z,"187 km ESE of Iwaki, Japan",earthquake,,,,11,reviewed,us,us
2004-06-09T15:24:20.750Z,51.524,16.121,5,3.1,ml,22,152.8,,0.9,us,usp000cxh6,2014-11-07T01:22:35.482Z,"4 km ENE of Polkowice, Poland",earthquake,,,,,reviewed,us,zamg
2004-06-09T15:11:06.000Z,35.24,27.11,5,3.4,md,6,213,,,us,usp000cxh5,2014-11-07T01:22:35.481Z,"25 km SE of Fry, Greece",earthquake,,,,,reviewed,ath,ath
2004-06-09T14:23:30.430Z,10.324,-84.482,240.9,4.6,mb,10,225.7,,1.06,us,usp000cxh4,2014-11-07T01:22:35.480Z,"6 km W of Quesada, Costa Rica",earthquake,,9.3,,1,reviewed,us,us
2004-06-09T14:07:13.100Z,41.23,25.08,17,3.5,md,4,185.6,,,us,usp000cxh3,2014-11-07T01:22:35.478Z,"10 km ESE of Echínos, Greece",earthquake,,,,,reviewed,ath,ath
2004-06-09T13:40:22.820Z,17.897,-65.845,4.3,2.5,md,7,227.4,,,us,usp000cxh1,2014-11-07T01:22:35.474Z,"12 km SSE of Emajagua, Puerto Rico",earthquake,,,,,reviewed,rspr,rspr
2004-06-09T13:32:51.690Z,18.584,-66.789,117.7,2.7,md,8,203.8,,,us,usp000cxh0,2014-11-07T01:22:35.473Z,"11 km N of Carrizales, Puerto Rico",earthquake,,,,,reviewed,rspr,rspr
2004-06-09T13:32:43.960Z,22.116,143.214,264.6,4.2,mb,67,97.3,,0.72,us,usp000cxgz,2014-11-07T01:22:35.467Z,"Volcano Islands, Japan region",earthquake,,17.3,,17,reviewed,us,us
2004-06-09T13:29:09.368Z,59.6708,-138.9259,10.9,2.5,ml,,,,0.53,ak,ak0047ehfquw,2019-02-13T01:09:19.103Z,"47 km ENE of Yakutat, Alaska",earthquake,,0.5,,,reviewed,ak,ak
2004-06-09T12:47:03.830Z,5.215,127.688,90,3.7,mb,16,135.6,,0.72,us,usp000cxgx,2014-11-07T01:22:35.463Z,"209 km SE of Pondaguitan, Philippines",earthquake,,,,1,reviewed,us,us
2004-06-09T11:41:16.550Z,27.836,36.905,10,4.6,ml,18,264.5,,0.69,us,usp000cxgv,2021-10-20T18:07:56.929Z,"70 km SSE of Tabuk, Saudi Arabia",earthquake,,,,,reviewed,us,gii
2004-06-09T11:39:50.210Z,51.175,-177.7,1,2.6,ml,9,321.6,,,us,usp000cxgu,2019-02-13T01:09:39.145Z,"107 km SW of Adak, Alaska",earthquake,,,,,reviewed,aeic,aeic
2004-06-09T11:37:30.010Z,34.315,-116.841,3.849,2.51,ml,74,19,0.03479,0.16,ci,ci14063512,2016-04-01T21:21:55.669Z,"6km N of Big Bear City, CA",earthquake,0.19,0.45,0.249,68,reviewed,ci,ci
2004-06-09T11:09:38.580Z,-23.853,179.987,569.3,4.7,mb,10,145,,0.51,us,usp000cxgt,2014-11-07T01:22:35.457Z,"south of the Fiji Islands",earthquake,,71.6,,2,reviewed,us,us
2004-06-09T10:10:56.640Z,39.81,143.572,46.4,4.4,mb,25,135,,0.98,us,usp000cxgq,2014-11-07T01:22:35.452Z,"141 km E of Miyako, Japan",earthquake,,16.5,,5,reviewed,us,us
2004-06-09T08:32:18.850Z,-5.256,130.71,20,4.8,mb,16,155,,1.15,us,usp000cxgg,2014-11-07T01:22:35.442Z,"230 km W of Tual, Indonesia",earthquake,,0,,3,reviewed,us,us
2004-06-09T08:30:43.570Z,37.431,-118.088,10.5,3.3,ml,14,96.2,,,us,usp000cxgf,2018-04-24T21:12:58.348Z,"26 km S of Dyer, Nevada",earthquake,,,,,reviewed,ren,ren
2004-06-09T08:27:09.710Z,34.285,141.519,40.9,5.1,mwc,242,95.9,,0.76,us,usp000cxge,2025-12-19T23:13:11.628Z,"145 km SE of Katsuura, Japan",earthquake,,,,,reviewed,us,hrv
2004-06-09T07:54:22.100Z,35.33,27.04,5,3.5,md,6,203.4,,,us,usp000cxgc,2014-11-07T01:22:35.402Z,"14 km SE of Fry, Greece",earthquake,,,,,reviewed,ath,ath
2004-06-09T07:47:04.470Z,7.089,127.135,55,4.5,mb,8,155.8,,1.06,us,usp000cxgb,2014-11-07T01:22:35.401Z,"65 km ESE of Santiago, Philippines",earthquake,,0,,2,reviewed,us,us
2004-06-09T07:14:41.520Z,40.223,-124.0996667,15.21,2.87,md,10,124,0.06847,0.12,nc,nc21369798,2017-01-07T15:18:40.990Z,"18 km SW of Weott, California",earthquake,0.56,0.87,0.08,16,reviewed,nc,nc
2004-06-09T07:14:39.610Z,-33.624,179.355,195.7,4.4,mb,27,128.2,,1.19,us,usp000cxg9,2014-11-07T01:22:35.396Z,"south of the Kermadec Islands",earthquake,,15.9,,5,reviewed,us,us
2004-06-09T07:11:07.870Z,51.125,-179.066,8.3,3.1,ml,4,348.2,,,us,usp000cxg8,2019-02-13T01:09:31.673Z,"188 km WSW of Adak, Alaska",earthquake,,,,,reviewed,aeic,aeic
2004-06-09T06:30:53.916Z,60.5917,-151.9026,72.6,3.5,ml,,,,0.72,ak,ak0047eda0rz,2019-02-13T01:09:17.245Z,"32 km W of Salamatof, Alaska",earthquake,,0.1,,,reviewed,ak,ak
2004-06-09T06:29:27.380Z,19.209,145.919,200,4,mb,10,167.9,,0.59,us,usp000cxg6,2014-11-07T01:22:35.385Z,"Maug Islands region, Northern Mariana Islands",earthquake,,,,1,reviewed,us,us
2004-06-09T06:26:17.439Z,51.6478,178.3348,99.3,2.6,ml,,,,0.36,ak,ak0047ed933j,2019-02-13T01:09:30.812Z,"Rat Islands, Aleutian Islands, Alaska",earthquake,,251.3,,,reviewed,ak,ak
2004-06-09T06:11:04.490Z,42.811,-7.23,6.2,2.6,mblg,18,89.8,,,us,usp000cxg4,2014-11-07T01:22:35.379Z,"7 km SW of Becerreá, Spain",earthquake,,,,,reviewed,mdd,mdd
2004-06-09T05:28:01.340Z,44.338,7.274,17.1,2.5,ml,11,170.3,,,us,usp000cxg2,2014-11-07T01:22:35.376Z,"3 km NW of Demonte, Italy",earthquake,,,,,reviewed,gen,gen
2004-06-09T04:53:30.239Z,51.4972,-176.8646,62.9,2.5,ml,,,,0.24,ak,ak0047ec817j,2019-02-13T01:09:27.660Z,"44 km SSW of Adak, Alaska",earthquake,,1.7,,,reviewed,ak,ak
2004-06-09T04:50:19.510Z,51.375,-177.893,16.2,2.6,ml,13,331.5,,,us,usp000cxg0,2019-02-13T01:09:16.280Z,"103 km WSW of Adak, Alaska",earthquake,,,,,reviewed,aeic,aeic
2004-06-09T04:19:03.203Z,51.8128,179.4456,136.2,2.6,ml,,,,0.31,ak,ak0047ec0os0,2019-02-13T01:09:26.532Z,"270 km W of Adak, Alaska",earthquake,,69.9,,,reviewed,ak,ak
2004-06-09T04:18:47.350Z,23.975,127.121,10,4.2,mb,14,145.8,,0.52,us,usp000cxfy,2014-11-07T01:22:35.369Z,"206 km ESE of Hirara, Japan",earthquake,,,,1,reviewed,us,us
2004-06-09T04:02:37.800Z,-36.314,-72.977,38.5,4.1,md,19,216,,,us,usp000cxfw,2014-11-07T01:22:35.364Z,"33 km N of Tomé, Chile",earthquake,,,,,reviewed,guc,guc
2004-06-09T03:57:14.210Z,-6.19,149.278,58.4,4.3,mb,20,74.3,,0.79,us,usp000cxfv,2014-11-07T01:22:35.361Z,"29 km W of Kandrian, Papua New Guinea",earthquake,,8.7,,2,reviewed,us,us
2004-06-09T03:39:45.200Z,6.147,93.931,27.1,4.4,mb,23,178.6,,0.66,us,usp000cxfu,2014-11-07T01:22:35.358Z,"155 km W of Sabang, Indonesia",earthquake,,,,4,reviewed,us,us
2004-06-09T03:36:00.200Z,-30.76,-71.675,26.4,3.6,ml,10,206.8,,,us,usp000cxfs,2014-11-07T01:22:35.354Z,"48 km WSW of Ovalle, Chile",earthquake,,,,,reviewed,guc,guc
2004-06-09T03:18:33.480Z,51.251,178.414,10,3.5,ml,8,221.1,,,us,usp000cxfp,2019-02-13T01:09:25.420Z,"Rat Islands, Aleutian Islands, Alaska",earthquake,,,,,reviewed,aeic,aeic
2004-06-09T03:15:46.830Z,38.381,30.28,38.7,4.1,mb,108,81.6,,1.02,us,usp000cxfn,2014-11-07T01:22:35.337Z,"9 km S of Sand?kl?, Turkey",earthquake,,5.2,,39,reviewed,us,us
2004-06-09T03:10:40.120Z,19.6255,-156.1181667,34.946,2.63,ml,35,246,,0.11,hv,hv5373336,2020-03-31T21:10:05.530Z,"12 km W of Kailua-Kona, Hawaii",earthquake,0.91,1.53,0.19,10,reviewed,hv,hv
2004-06-09T02:34:38.000Z,41.735,13.545,5,2.6,md,6,178.3,,,us,usp000cxfk,2014-11-07T01:22:35.332Z,"5 km WNW of Sora, Italy",earthquake,,,,,reviewed,rom,rom
2004-06-09T01:42:09.700Z,-31.21,-69.035,145,3.4,md,4,269.1,,,us,usp000cxfh,2014-11-07T01:22:35.328Z,"39 km ENE of Calingasta, Argentina",earthquake,,,,,reviewed,guc,guc
2004-06-09T01:18:04.837Z,61.4831,-146.4474,25.6,2.5,ml,,,,0.51,ak,ak0047ea86df,2019-02-13T01:09:14.956Z,"39 km N of Valdez, Alaska",earthquake,,0.3,,,reviewed,ak,ak
2004-06-09T01:12:15.600Z,29.98,69.984,25,4.2,mb,14,174.5,,1.08,us,usp000cxfd,2014-11-07T01:22:35.315Z,"45 km ENE of Barkhan, Pakistan",earthquake,,0,,1,reviewed,us,us
2004-06-09T01:02:19.000Z,40.238,15.918,4.9,3.2,md,18,55.4,,,us,usp000cxfc,2014-11-07T01:22:35.313Z,"2 km ESE of Sarconi, Italy",earthquake,,,,,reviewed,rom,rom
2004-06-09T00:53:21.450Z,35.5535,-121.2926667,3.636,2.71,md,28,200,0.1712,0.07,nc,nc21369756,2017-01-07T15:17:39.663Z,"13 km SW of San Simeon, California",earthquake,0.35,0.72,0.1,29,reviewed,nc,nc
2004-06-09T00:26:36.000Z,51.2,-179.284,50.7,4.3,mb,46,188.1,,1.04,us,usp000cxfa,2019-02-13T01:09:14.283Z,"198 km WSW of Adak, Alaska",earthquake,,6.2,,16,reviewed,us,us
2004-06-09T00:12:40.000Z,35.35,26.86,18,3.1,md,6,192.7,,,us,usp000cxf9,2014-11-07T01:22:35.306Z,"9 km SW of Fry, Greece",earthquake,,,,,reviewed,ath,ath
2004-06-08T23:39:23.700Z,41.735,13.719,7.9,2.8,md,7,155.4,,,us,usp000cxf8,2014-11-07T01:22:35.305Z,"2 km E of Campoli Appennino, Italy",earthquake,,,,,reviewed,rom,rom
2004-06-08T23:01:52.500Z,-36.585,-73.295,40.7,4.1,md,11,293.6,,,us,usp000cxf7,2014-11-07T01:22:35.303Z,"22 km NW of Talcahuano, Chile",earthquake,,,,,reviewed,guc,guc
2004-06-08T22:48:10.810Z,45.737,7.629,14,2.6,ml,29,118.8,,,us,usp000cxf6,2014-11-07T01:22:35.300Z,"1 km SSE of Chatillon, Italy",earthquake,,,,,reviewed,gen,gen
2004-06-08T22:38:35.850Z,40.528,23.49,6.2,3.3,ml,23,49.2,,,us,usp000cxf5,2014-11-07T01:22:35.297Z,"10 km WNW of Arnaía, Greece",earthquake,,,,,reviewed,the,the
2004-06-08T22:08:55.900Z,37.77,21.1,5,3.5,ml,20,141.5,,,us,usp000cxf4,2014-11-07T01:22:35.295Z,"8 km S of Arkoúdi, Greece",earthquake,,,,,reviewed,ath,ath
2004-06-08T21:56:24.420Z,46.7111667,-122.766,-0.343,2.5,md,5,199,0.05997,0.05,uw,uw10608083,2016-07-23T02:05:48.590Z,"12 km SE of Bucoda, Washington",explosion,0.555,0.57,0.04,4,reviewed,uw,uw
2004-06-08T20:21:32.400Z,-31.095,-71.785,20.4,3.7,ml,11,232.9,,,us,usp000cxf0,2014-11-07T01:22:35.286Z,"78 km SW of Ovalle, Chile",earthquake,,,,,reviewed,guc,guc
2004-06-08T20:11:07.880Z,19.159,-64.6,47,3.8,md,10,315.3,,,us,usp000cxey,2014-11-07T01:22:35.283Z,"93 km NNE of Cruz Bay, U.S. Virgin Islands",earthquake,,,,,reviewed,rspr,rspr
2004-06-08T19:03:52.340Z,36.521,70.407,260.6,4,mb,18,102.4,,0.87,us,usp000cxex,2014-11-07T01:22:35.280Z,"49 km E of Farkh?r, Afghanistan",earthquake,,22.3,,1,reviewed,us,us
2004-06-08T19:01:05.100Z,37.95,20.89,5,3.5,md,9,180.3,,,us,usp000cxew,2014-11-07T01:22:35.278Z,"17 km N of Vanáton, Greece",earthquake,,,,,reviewed,ath,ath
2004-06-08T18:55:53.300Z,38.03,22.11,23,2.7,md,4,340.6,,,us,usp000cxev,2014-11-07T01:22:35.276Z,"0 km SW of Kalávryta, Greece",earthquake,,,,,reviewed,ath,ath
2004-06-08T18:29:30.330Z,-18.807,168.891,157.3,4.2,mb,12,213.1,,1.2,us,usp000cxet,2014-11-07T01:22:35.169Z,"91 km NNW of Isangel, Vanuatu",earthquake,,22.8,,3,reviewed,us,us
2004-06-08T16:30:23.470Z,37.996,-26.051,10,3.9,mb,15,182.1,,1.21,us,usp000cxes,2014-11-07T01:22:35.167Z,"23 km WNW of Mosteiros, Portugal",earthquake,,,,4,reviewed,us,us
2004-06-08T14:59:35.470Z,-28.505,-178.15,108.2,4.5,mb,17,133.4,,1.2,us,usp000cxen,2014-11-07T01:22:35.161Z,"Kermadec Islands region",earthquake,,27.7,,5,reviewed,us,us
2004-06-08T14:16:30.300Z,-31.861,-68.365,150,3.4,md,8,322.8,,,us,usp000cxem,2014-11-07T01:22:35.159Z,"21 km S of Nueve de Julio, Argentina",earthquake,,,,,reviewed,guc,guc
2004-06-08T13:05:14.300Z,49.35,6.81,1,2.8,ml,12,82.1,,,us,usp000cxeh,2014-11-07T01:22:35.154Z,"0 km SE of Saarwellingen, Germany",earthquake,,,,,reviewed,str,ldg
2004-06-08T12:29:28.260Z,25.785,127.452,25,4.6,mb,17,135.8,,1.23,us,usp000cxeg,2014-11-07T01:22:35.152Z,"43 km SSW of Itoman, Japan",earthquake,,0,,5,reviewed,us,us
2004-06-08T12:18:23.850Z,-20.071,-177.582,499.1,4.3,mb,23,118.9,,1.12,us,usp000cxef,2014-11-07T01:22:35.140Z,"274 km WNW of Haveluloto, Tonga",earthquake,,44.7,,3,reviewed,us,us
2004-06-08T12:04:12.700Z,-8.483,149.872,128.1,4.5,mb,11,168.9,,0.83,us,usp000cxee,2014-11-07T01:22:35.139Z,"183 km E of Popondetta, Papua New Guinea",earthquake,,14.3,,1,reviewed,us,us
2004-06-08T11:51:55.200Z,-21.953,169.738,10,4.4,mb,26,112,,1.36,us,usp000cxed,2014-11-07T01:22:35.136Z,"197 km ESE of Tadine, New Caledonia",earthquake,,,,5,reviewed,us,us
2004-06-08T11:04:42.890Z,6.499,125.988,102.5,4.8,mb,41,103.6,,0.92,us,usp000cxe7,2014-11-07T01:22:35.123Z,"11 km W of Luzon, Philippines",earthquake,,28,,16,reviewed,us,us
2004-06-08T10:57:24.500Z,38.567,12.716,18,2.9,md,9,237.8,,,us,usp000cxe6,2014-11-07T01:22:35.121Z,"43 km N of San Vito Lo Capo, Italy",earthquake,,,,,reviewed,rom,rom
2004-06-08T10:54:30.420Z,-15.237,167.519,115.7,5.5,mwb,371,29.7,,0.94,us,usp000cxe5,2022-05-02T17:13:50.529Z,"49 km NE of Luganville, Vanuatu",earthquake,,,,,reviewed,us,us
2004-06-08T09:33:44.584Z,51.9001,-178.7891,140.6,3.1,ml,,,,0.2,ak,ak0047crjliy,2019-02-13T01:09:07.770Z,"148 km W of Adak, Alaska",earthquake,,3.2,,,reviewed,ak,ak
2004-06-08T09:25:51.520Z,-23.641,-179.925,494.7,4.6,mb,17,122,,1.04,us,usp000cxe2,2014-11-07T01:22:35.079Z,"south of the Fiji Islands",earthquake,,38,,7,reviewed,us,us
2004-06-08T09:00:24.450Z,-17.579,-178.898,565,4.3,mb,18,136,,1.18,us,usp000cxe1,2014-11-07T01:22:35.077Z,"196 km ENE of Levuka, Fiji",earthquake,,,,5,reviewed,us,us
2004-06-08T08:55:52.740Z,17.51,-83.458,10,5.9,mwb,361,30.9,,0.8,us,usp000cxe0,2022-05-02T17:13:49.416Z,"208 km NNE of Barra Patuca, Honduras",earthquake,,,,,reviewed,us,us
2004-06-08T08:36:59.470Z,-3.935,141.555,150,4.5,mb,8,110.5,,0.89,us,usp000cxdz,2014-11-07T01:22:35.037Z,"124 km SW of Aitape, Papua New Guinea",earthquake,,56.7,,1,reviewed,us,us
2004-06-08T08:29:21.700Z,-30.996,-71.345,59.2,3.3,md,4,222.8,,,us,usp000cxdy,2014-11-07T01:22:35.036Z,"45 km SSW of Ovalle, Chile",earthquake,,,,,reviewed,guc,guc
2004-06-08T08:21:41.130Z,-24.363,-176.037,10,4.7,mb,22,119.2,,0.93,us,usp000cxdx,2014-11-07T01:22:35.034Z,"south of the Fiji Islands",earthquake,,,,4,reviewed,us,us
2004-06-08T06:57:00.521Z,54.8571,-158.7163,10,2.7,ml,,,,0.53,ak,ak0047cpwchw,2019-02-13T01:09:06.891Z,"120 km SSE of Perryville, Alaska",earthquake,,0,,,reviewed,ak,ak
2004-06-08T06:46:17.060Z,1.427,121.465,600,3.5,mb,11,163.5,,1.21,us,usp000cxdv,2014-11-07T01:22:35.031Z,"Minahasa, Sulawesi, Indonesia",earthquake,,,,3,reviewed,us,us
2004-06-08T06:41:00.940Z,12.109,143.778,45,4.7,mb,27,93.8,,0.98,us,usp000cxdu,2014-11-07T01:22:35.028Z,"160 km SW of Merizo Village, Guam",earthquake,,14.1,,3,reviewed,us,us
2004-06-08T05:36:32.120Z,36.307,142.806,10,4.5,mb,9,157.4,,0.5,us,usp000cxdt,2014-11-07T01:22:35.027Z,"188 km ENE of Hasaki, Japan",earthquake,,,,1,reviewed,us,us
2004-06-08T05:33:12.700Z,-35.188,-71.214,109,3.5,md,17,173.9,,,us,usp000cxds,2014-11-07T01:22:35.024Z,"10 km SE of Molina, Chile",earthquake,,,,,reviewed,guc,guc
2004-06-08T05:28:24.000Z,15.295,-93.895,58.1,4,mb,42,170.5,,1.49,us,usp000cxdr,2014-11-07T01:22:35.020Z,"65 km SSW of Manuel Ávila Camacho (Ponte Duro), Mexico",earthquake,,10.3,,15,reviewed,us,us
2004-06-08T05:19:22.240Z,1.819,96.712,10,4.5,mb,12,205.2,,0.67,us,usp000cxdq,2014-11-07T01:22:35.018Z,"81 km SSE of Sinabang, Indonesia",earthquake,,0,,1,reviewed,us,us
2004-06-08T05:08:37.900Z,38.01,22.92,23,2.5,md,4,318.4,,,us,usp000cxdp,2014-11-07T01:22:35.017Z,"3 km SW of Perachóra, Greece",earthquake,,,,,reviewed,ath,ath
2004-06-08T05:01:59.560Z,-32.339,-177.966,10,4.7,mb,24,90.1,,1.04,us,usp000cxdn,2014-11-07T01:22:35.014Z,"south of the Kermadec Islands",earthquake,,0,,5,reviewed,us,us
2004-06-08T04:52:12.240Z,-4.307,152.919,56.8,4.6,mb,59,35.6,,1.03,us,usp000cxdm,2014-11-07T01:22:35.008Z,"72 km E of Kokopo, Papua New Guinea",earthquake,,10.1,,15,reviewed,us,us
2004-06-08T04:38:36.270Z,-8.078,123.764,26.2,5.4,mwc,82,68.7,,1.14,us,usp000cxdk,2022-05-02T17:13:48.317Z,"141 km NNW of Pante Makasar, Timor Leste",earthquake,,,,,reviewed,us,hrv
2004-06-08T03:15:37.238Z,60.2689,-153.4247,172.5,2.6,ml,,,,0.5,ak,ak0047cnv4fv,2019-02-13T01:09:00.049Z,"49 km E of Port Alsworth, Alaska",earthquake,,0.6,,,reviewed,ak,ak
2004-06-08T03:05:23.190Z,51.341,19.229,5,3.2,ml,25,108.5,,1.09,us,usp000cxdh,2014-11-07T01:22:34.982Z,"0 km W of Kluki, Poland",earthquake,,,,,reviewed,us,zamg
2004-06-08T02:42:25.900Z,38,21.12,9,3.3,md,4,151.4,,,us,usp000cxdg,2014-11-07T01:22:34.981Z,"7 km NNW of Kyllíni, Greece",earthquake,,,,,reviewed,ath,ath
2004-06-08T02:27:07.030Z,-17.686,-178.166,604.3,4.3,mb,35,121,,1.08,us,usp000cxde,2014-11-07T01:22:34.975Z,"270 km E of Levuka, Fiji",earthquake,,32.5,,7,reviewed,us,us
2004-06-08T02:19:55.200Z,37.93,21.54,5,3,md,5,130.9,,,us,usp000cxdd,2014-11-07T01:22:34.974Z,"15 km ENE of Synoikismós Chavaríou, Greece",earthquake,,,,,reviewed,ath,ath
2004-06-08T02:15:52.930Z,51.438,174.344,35,4,mb,8,228.9,,0.62,us,usp000cxdb,2014-11-07T01:22:34.971Z,"175 km SSE of Attu Station, Alaska",earthquake,,0,,1,reviewed,us,us
2004-06-08T01:10:10.090Z,-19.299,-177.96,555,4.6,mb,7,277.5,,0.66,us,usp000cxd9,2014-11-07T01:22:34.969Z,"Fiji region",earthquake,,,,3,reviewed,us,us
2004-06-08T00:15:09.990Z,34.233,-97.254,5,3.5,mblg,16,72.8,,1.06,us,usp000cxd7,2014-11-07T01:22:34.963Z,"6 km N of Lone Grove, Oklahoma",earthquake,,,,,reviewed,us,us
2004-06-08T00:04:52.270Z,34.115,135.225,10,4.6,mb,20,136.6,,0.82,us,usp000cxd6,2014-11-07T01:22:34.961Z,"4 km SSE of Kainan, Japan",earthquake,,,,6,reviewed,us,us
2004-06-07T23:48:03.980Z,-27.989,-178.273,200,4.1,mb,13,198.7,,0.78,us,usp000cxd4,2014-11-07T01:22:34.956Z,"Kermadec Islands region",earthquake,,,,5,reviewed,us,us
2004-06-07T23:42:16.250Z,-4.521,152.869,73.7,4.5,mb,12,217.9,,0.8,us,usp000cxd3,2014-11-07T01:22:34.955Z,"69 km ESE of Kokopo, Papua New Guinea",earthquake,,15.9,,5,reviewed,us,us
2004-06-07T23:40:14.690Z,73.682,8.513,10,4.3,mb,32,95.9,,1.24,us,usp000cxd2,2014-11-07T01:22:34.951Z,"Greenland Sea",earthquake,,,,9,reviewed,us,us
2004-06-07T23:05:25.060Z,34.13,135.1,10,4.3,mb,25,124.5,,0.91,us,usp000cxd1,2014-11-07T01:22:34.948Z,"10 km SSW of Minato, Japan",earthquake,,,,7,reviewed,us,us
2004-06-07T23:04:56.700Z,34.41,25.72,5,3.4,md,4,263.2,,,us,usp000cxcz,2014-11-07T01:22:34.945Z,"66 km S of Néa Anatolí, Greece",earthquake,,,,,reviewed,ath,ath
2004-06-07T22:58:38.060Z,3.798,126.374,10,4.5,mb,9,171.9,,0.9,us,usp000cxcy,2014-11-07T01:22:34.943Z,"204 km SSE of Sarangani, Philippines",earthquake,,,,2,reviewed,us,us
2004-06-07T22:55:20.070Z,3.662,126.156,10,4.5,mb,7,160.7,,1.06,us,usp000cxcx,2014-11-07T01:22:34.942Z,"207 km SSE of Sarangani, Philippines",earthquake,,,,2,reviewed,us,us
2004-06-07T22:29:34.220Z,46.7466667,-122.7701667,0.565,3,md,8,138,0.08948,0.1,uw,uw10607738,2016-07-23T02:05:46.240Z,"9 km SE of Bucoda, Washington",explosion,0.911,1.24,0.03,4,reviewed,uw,uw
2004-06-07T22:19:00.600Z,-25.005,-70.655,46.1,4.1,mb,10,118.6,,,us,usp000cxcq,2014-11-07T01:22:34.932Z,"47 km NNW of Taltal, Chile",earthquake,,,,1,reviewed,guc,us
2004-06-07T21:53:04.630Z,34.101,140.97,44.7,4,mb,8,229.8,,0.84,us,usp000cxcm,2014-11-07T01:22:34.928Z,"130 km SSE of Katsuura, Japan",earthquake,,19.1,,2,reviewed,us,us
2004-06-07T21:24:15.600Z,38.78,21.07,4,3.1,md,6,101.5,,,us,usp000cxcj,2014-11-07T01:22:34.925Z,"3 km W of Katoúna, Greece",earthquake,,,,,reviewed,ath,ath
2004-06-07T21:19:10.550Z,23.362,143.554,10,4.7,mb,9,154.5,,0.33,us,usp000cxch,2014-11-07T01:22:34.924Z,"Volcano Islands, Japan region",earthquake,,,,1,reviewed,us,us
2004-06-07T21:14:33.120Z,1.962,124.667,175,4.4,mb,8,149.5,,1.52,us,usp000cxcg,2014-11-07T01:22:34.923Z,"56 km NNW of Manado, Indonesia",earthquake,,,,1,reviewed,us,us
2004-06-07T20:47:15.820Z,-5.687,-13.12,10,4.7,mb,21,187.1,,1.91,us,usp000cxcf,2014-11-07T01:22:34.920Z,"286 km NNE of Georgetown, Saint Helena",earthquake,,,,12,reviewed,us,us
2004-06-07T20:40:16.810Z,-6.283,-11.402,10,4.7,mb,79,97.3,,0.72,us,usp000cxce,2014-11-07T01:22:34.913Z,"Ascension Island region",earthquake,,,,35,reviewed,us,us
2004-06-07T20:32:17.220Z,-6.245,-11.522,10,4.6,mb,68,67.9,,0.91,us,usp000cxcd,2014-11-07T01:22:34.907Z,"Ascension Island region",earthquake,,,,30,reviewed,us,us
2004-06-07T20:13:15.700Z,34.7,25.78,5,3.6,md,8,213.6,,,us,usp000cxcc,2014-11-07T01:22:34.905Z,"34 km S of Ierápetra, Greece",earthquake,,,,,reviewed,ath,ath
2004-06-07T18:43:02.300Z,-31.884,-70.868,85.8,3,md,4,187.3,,,us,usp000cxc9,2014-11-07T01:22:34.901Z,"14 km SE of Salamanca, Chile",earthquake,,,,,reviewed,guc,guc
2004-06-07T18:36:13.020Z,34.1873333,-118.5606667,19.123,2.51,ml,63,27,,0.25,ci,ci14062920,2016-04-01T21:19:52.778Z,"2km NNW of Tarzana, CA",earthquake,0.31,0.55,0.26,49,reviewed,ci,ci
2004-06-07T17:30:54.310Z,35.114,-4.173,0,3.5,m,17,266.2,,,us,usp000cxc7,2014-11-07T01:22:34.897Z,"23 km NE of Targuist, Morocco",earthquake,,,,,reviewed,mdd,mdd
2004-06-07T16:41:18.990Z,-21.809,170.384,66,4.9,mb,37,176.9,,0.9,us,usp000cxc5,2014-11-07T01:22:34.877Z,"260 km E of Tadine, New Caledonia",earthquake,,,,10,reviewed,us,us
2004-06-07T16:32:37.260Z,-6.116,147.624,61.7,4.6,mb,15,209.4,,0.86,us,usp000cxc4,2014-11-07T01:22:34.875Z,"54 km NNW of Finschhafen, Papua New Guinea",earthquake,,14.1,,7,reviewed,us,us
2004-06-07T16:04:45.580Z,13.944,-91.287,56.2,4,mb,30,148.6,,1.3,us,usp000cxc2,2014-11-07T01:22:34.869Z,"28 km S of Nueva Concepción, Guatemala",earthquake,,,,6,reviewed,us,us
2004-06-07T16:01:58.516Z,63.167,-152.0088,4.7,2.6,ml,,,,0.84,ak,ak0047b7zgff,2019-02-13T01:08:51.504Z,"44 km SSW of Denali National Park, Alaska",earthquake,,1.6,,,reviewed,ak,ak
2004-06-07T15:50:41.300Z,-27.721,-71.485,23.4,4.1,ml,5,212.1,,,us,usp000cxc0,2014-11-07T01:22:34.864Z,"118 km NW of Vallenar, Chile",earthquake,,,,,reviewed,guc,guc
2004-06-07T15:42:00.470Z,51.414,-175.723,42.6,2.9,ml,12,241.2,,,us,usp000cxbz,2019-02-13T01:08:51.156Z,"81 km SE of Adak, Alaska",earthquake,,,,,reviewed,aeic,aeic
2004-06-07T15:39:36.100Z,34.779,-9.601,10,4.2,m,13,300.8,,0.61,us,usp000cxby,2014-11-07T01:22:34.859Z,"196 km NNW of El Jadid, Morocco",earthquake,,,,,reviewed,us,mdd
2004-06-07T15:25:34.920Z,17.989,-66.759,4.8,2.5,md,5,209.9,,,us,usp000cxbx,2014-11-07T01:22:34.857Z,"3 km SSE of Magas Arriba, Puerto Rico",earthquake,,,,,reviewed,rspr,rspr
2004-06-07T15:04:03.800Z,36.8,23.14,15,3,ml,10,123.4,,,us,usp000cxbw,2014-11-07T01:22:34.856Z,"15 km NE of Géfyra, Greece",earthquake,,,,,reviewed,ath,ath
2004-06-07T14:54:49.200Z,34.84,24.92,4,4.2,ml,88,144.6,,,us,usp000cxbv,2014-11-07T01:22:34.849Z,"23 km S of Moíres, Greece",earthquake,,,,,reviewed,ath,the
2004-06-07T14:05:28.074Z,38.6642,-116.4602,1,2.8,ml,4,213.77,0.754,0.0229,nn,nn00106653,2018-04-24T21:12:53.801Z,"80 km SE of Kingston, Nevada",earthquake,,6.5,,,reviewed,nn,nn
2004-06-07T13:40:23.000Z,-27.695,125.483,7,3.8,ml,12,87.4,,,us,usp000cxbs,2014-11-07T01:22:34.844Z,"Western Australia",earthquake,,,,,reviewed,aust,aust
2004-06-07T13:22:32.420Z,-8.326,122.242,57.1,4,mb,10,148.4,,0.95,us,usp000cxbr,2014-11-07T01:22:34.842Z,"32 km N of Maumere, Indonesia",earthquake,,27.1,,1,reviewed,us,us
2004-06-07T13:17:30.782Z,61.7818,-149.6633,28.6,2.5,ml,,,,0.77,ak,ak0047b6aixi,2019-02-13T01:08:50.040Z,"17 km N of Meadow Lakes, Alaska",earthquake,,0.4,,,reviewed,ak,ak
2004-06-07T13:04:46.510Z,12.422,143.022,56.5,4.8,mb,36,73.7,,0.92,us,usp000cxbn,2014-11-07T01:22:34.834Z,"201 km WSW of Merizo Village, Guam",earthquake,,12.8,,16,reviewed,us,us
2004-06-07T12:05:57.000Z,37.88,22.04,2,3,md,6,156.6,,,us,usp000cxbm,2014-11-07T01:22:34.833Z,"18 km SSW of Kalávryta, Greece",earthquake,,,,,reviewed,ath,ath
2004-06-07T11:37:19.340Z,51.55,16.117,5,3.3,ml,10,248.3,,1.31,us,usp000cxbj,2014-11-07T01:22:34.828Z,"5 km NNE of Polkowice, Poland",earthquake,,,,,reviewed,us,zamg
2004-06-07T11:19:53.881Z,39.8012,-120.0762,12.4,2.5,ml,7,126.51,0.188,0.0677,nn,nn00106671,2018-04-24T21:12:55.198Z,"5 km E of Chilcoot-Vinton, California",earthquake,,3.1,,,reviewed,nn,nn
2004-06-07T11:08:47.060Z,-21.394,-66.83,213.7,4.6,mb,94,75.2,,1.02,us,usp000cxbf,2014-11-07T01:22:34.818Z,"81 km SW of Atocha, Bolivia",earthquake,,6.7,,35,reviewed,us,us
2004-06-07T11:08:24.497Z,64.1176,-148.8281,12,2.8,ml,,,,0.7,ak,ak0047b51psh,2019-02-13T01:08:49.283Z,"18 km NE of Ferry, Alaska",earthquake,,0.6,,,reviewed,ak,ak
2004-06-07T11:04:29.300Z,37.84,21.96,18,3,ml,12,105.4,,,us,usp000cxbd,2014-11-07T01:22:34.813Z,"18 km NNW of Langádhia, Greece",earthquake,,,,,reviewed,ath,ath
2004-06-07T10:35:43.410Z,-6.099,113.13,590.7,4.5,mb,55,50.3,,0.7,us,usp000cxbc,2014-11-07T01:22:34.807Z,"113 km NNE of Bangkalan, Indonesia",earthquake,,8.8,,16,reviewed,us,us
2004-06-07T10:07:07.760Z,41.947,144.811,13.8,4.7,mb,97,134.9,,0.77,us,usp000cxba,2014-11-07T01:22:34.796Z,"119 km SSE of Kushiro, Japan",earthquake,,14.3,,44,reviewed,us,us
2004-06-07T09:58:19.360Z,47.604,13.192,10,2.5,ml,9,138.9,,1.16,us,usp000cxb9,2014-11-07T01:22:34.794Z,"1 km ENE of Golling an der Salzach, Austria",earthquake,,,,,reviewed,us,zamg
2004-06-07T09:29:20.020Z,-55.369,-27.588,52.8,4.6,mb,13,124.3,,1.47,us,usp000cxb8,2014-11-07T01:22:34.793Z,"South Sandwich Islands region",earthquake,,47.1,,1,reviewed,us,us
2004-06-07T09:17:46.550Z,17.953,-67.166,0.5,2.7,md,5,300.2,,,us,usp000cxb6,2014-11-07T01:22:34.790Z,"3 km SE of Pole Ojea, Puerto Rico",earthquake,,,,,reviewed,rspr,rspr
2004-06-07T08:55:54.500Z,38.551,12.749,19.5,3,md,9,230.9,,,us,usp000cxb5,2014-11-07T01:22:34.788Z,"41 km N of San Vito Lo Capo, Italy",earthquake,,,,,reviewed,rom,rom
2004-06-07T08:47:03.970Z,49.858,-177.212,48.3,2.9,ml,9,321.7,,,us,usp000cxb3,2019-02-13T01:08:56.159Z,"227 km S of Adak, Alaska",earthquake,,,,,reviewed,aeic,aeic
2004-06-07T08:29:03.800Z,35.5511667,-121.2948333,2.712,2.94,md,61,192,0.1586,0.09,nc,nc30227695,2017-01-07T15:11:11.870Z,"13 km SW of San Simeon, California",earthquake,0.38,0.71,0.08,65,reviewed,nc,nc
2004-06-07T08:29:01.000Z,38.37,21.96,14,3.2,ml,17,50.1,,,us,usp000cxb1,2014-11-07T01:22:34.782Z,"8 km NNW of Kamárai, Greece",earthquake,,,,,reviewed,ath,ath
2004-06-07T08:23:02.370Z,18.532,-65.799,107,3.1,md,5,208.4,,,us,usp000cxb0,2014-11-07T01:22:34.781Z,"12 km NNE of Vieques, Puerto Rico",earthquake,,,,,reviewed,rspr,rspr
2004-06-07T08:23:00.870Z,51.429,178.925,42,3.7,mb,10,215,,0.81,us,usp000cxaz,2019-02-13T01:08:55.233Z,"Rat Islands, Aleutian Islands, Alaska",earthquake,,,,1,reviewed,us,us
2004-06-07T08:04:24.550Z,-57.671,-147.293,10,4.1,mb,10,162.7,,1.21,us,usp000cxay,2014-11-07T01:22:34.778Z,"Pacific-Antarctic Ridge",earthquake,,,,2,reviewed,us,us
2004-06-07T07:47:30.920Z,3.411,31.522,4.2,3.7,mb,21,62.5,,1.04,us,usp000cxax,2014-11-07T01:22:34.775Z,"30 km W of Adjumani, Uganda",earthquake,,38.2,,2,reviewed,us,us
2004-06-07T07:21:34.260Z,-21.144,-68.417,125.9,3.8,md,9,118.2,,0.98,us,usp000cxav,2014-11-07T01:22:34.772Z,"154 km NNE of Calama, Chile",earthquake,,10.2,,,reviewed,us,guc
2004-06-07T06:18:45.600Z,17.843,-102.758,6.9,4.4,md,16,207,,,us,usp000cxat,2014-11-07T01:22:34.767Z,"44 km WSW of El Habillal, Mexico",earthquake,,,,,reviewed,unm,unm
2004-06-07T06:02:11.690Z,0.111,121.742,234.7,4.4,mb,12,161.9,,0.57,us,usp000cxas,2014-11-07T01:22:34.765Z,"154 km WSW of Gorontalo, Indonesia",earthquake,,68.6,,4,reviewed,us,us
2004-06-07T05:44:54.810Z,35.092,-3.513,0,3.3,m,4,301,,,us,usp000cxar,2014-11-07T01:22:34.763Z,"16 km N of Midar, Morocco",earthquake,,,,,reviewed,mdd,mdd
2004-06-07T05:41:04.530Z,44.513,148.984,49.4,3.8,mb,12,217.8,,0.6,us,usp000cxaq,2014-11-07T01:22:34.760Z,"118 km SE of Kuril’sk, Russia",earthquake,,,,3,reviewed,us,us
2004-06-07T04:49:26.960Z,35.005,-3.51,0,3.1,m,7,294.8,,,us,usp000cxan,2014-11-07T01:22:34.746Z,"7 km NNE of Midar, Morocco",earthquake,,,,,reviewed,mdd,mdd
2004-06-07T04:45:05.710Z,-19.162,-177.558,569,4.5,mb,41,122.8,,0.93,us,usp000cxak,2014-11-07T01:22:34.740Z,"Fiji region",earthquake,,27.8,,17,reviewed,us,us
2004-06-07T04:25:29.010Z,-6.726,155.052,21.6,3.9,mb,11,153.3,,0.76,us,usp000cxaj,2014-11-07T01:22:34.738Z,"65 km SW of Panguna, Papua New Guinea",earthquake,,57.5,,1,reviewed,us,us
2004-06-07T04:14:15.250Z,42.608,144.358,66.9,4.9,mwc,277,80.2,,0.79,us,usp000cxah,2016-11-10T00:37:01.955Z,"40 km S of Kushiro, Japan",earthquake,,,,,reviewed,us,hrv
2004-06-07T04:01:20.130Z,36.444,51.342,14.1,4.3,mb,32,98,,1.06,us,usp000cxag,2014-11-07T01:22:34.709Z,"24 km SSW of Ch?l?s, Iran",earthquake,,27.9,,11,reviewed,us,us
2004-06-07T03:54:26.880Z,-64.429,175.377,10,4.4,mb,18,72.1,,1.28,us,usp000cxaf,2014-11-07T01:22:34.706Z,"Balleny Islands region",earthquake,,0,,3,reviewed,us,us
2004-06-07T03:17:40.300Z,-36.309,-72.651,40,3.4,md,4,205.4,,,us,usp000cxac,2014-11-07T01:22:34.700Z,"10 km WSW of Quirihue, Chile",earthquake,,,,,reviewed,guc,guc
2004-06-07T03:05:08.930Z,-55.24,-27.214,50,4.4,mb,23,108,,0.87,us,usp000cxaa,2014-11-07T01:22:34.678Z,"South Sandwich Islands region",earthquake,,,,6,reviewed,us,us
2004-06-07T03:02:28.890Z,-55.279,-27.163,49.6,4.8,mb,36,57.9,,0.95,us,usp000cxa9,2014-11-07T01:22:34.621Z,"South Sandwich Islands region",earthquake,,18.7,,9,reviewed,us,us
2004-06-07T02:56:40.200Z,-31.03,-69.836,142.3,3.4,md,17,230.6,,,us,usp000cxa8,2014-11-07T01:22:34.568Z,"51 km NW of Calingasta, Argentina",earthquake,,,,,reviewed,guc,guc
2004-06-07T02:55:46.510Z,-20.865,168.284,35,4.4,mb,14,109.3,,1.23,us,usp000cxa7,2014-11-07T01:22:34.562Z,"86 km NNE of Tadine, New Caledonia",earthquake,,0,,1,reviewed,us,us
2004-06-07T02:36:39.300Z,45.94,2.83,5,2.9,ml,39,52.3,,,us,usp000cxa6,2014-11-07T01:22:34.506Z,"0 km W of Saint-Georges-de-Mons, France",earthquake,,,,,reviewed,str,str
2004-06-07T02:26:35.280Z,-55.33,-27.145,50,3.7,mb,9,124,,0.72,us,usp000cxa4,2014-11-07T01:22:34.500Z,"South Sandwich Islands region",earthquake,,,,3,reviewed,us,us
2004-06-07T02:05:00.140Z,-7.312,120.62,20,4.3,mb,27,85.5,,1.21,us,usp000cxa3,2014-11-07T01:22:34.497Z,"144 km N of Ruteng, Indonesia",earthquake,,,,5,reviewed,us,us
2004-06-07T01:30:17.040Z,-21.095,-67.267,194.4,3.5,mb,12,98.7,,1.35,us,usp000cx9y,2014-11-07T01:22:34.486Z,"84 km SSW of Uyuni, Bolivia",earthquake,,10.9,,1,reviewed,us,us
2004-06-07T01:21:11.010Z,27.306,140.373,380.9,3.6,mb,21,142.5,,1.15,us,usp000cx9x,2014-11-07T01:22:34.484Z,"Bonin Islands, Japan region",earthquake,,18.8,,6,reviewed,us,us
2004-06-07T00:55:47.100Z,35.022,22.499,10,3.7,md,11,250.8,,1.38,us,usp000cx9u,2014-11-07T01:22:34.479Z,"110 km WSW of Palaióchora, Greece",earthquake,,,,,reviewed,us,ath
2004-06-07T00:39:52.770Z,44.828,146.255,156.2,3.8,mb,11,155.4,,0.88,us,usp000cx9t,2014-11-07T01:22:34.478Z,"89 km NNE of Otrada, Russia",earthquake,,15.5,,1,reviewed,us,us
2004-06-07T00:36:17.088Z,62.2019,-148.3354,10,2.6,ml,,,,0.96,ak,ak0047aynxm4,2019-02-13T01:08:45.855Z,"45 km N of Chickaloon, Alaska",earthquake,,0.4,,,reviewed,ak,ak
2004-06-07T00:04:37.770Z,38.981,70.908,10,3.8,mb,14,161.3,,1.09,us,usp000cx9r,2014-11-07T01:22:34.472Z,"46 km E of Rasht, Tajikistan",earthquake,,,,2,reviewed,us,us
2004-06-06T23:59:46.730Z,-18.116,167.56,50,4.5,mb,20,162.2,,1.43,us,usp000cx9q,2014-11-07T01:22:34.469Z,"90 km WSW of Port-Vila, Vanuatu",earthquake,,0,,7,reviewed,us,us
2004-06-06T23:23:13.230Z,64.7161,-149.1344,17.5,2.6,ml,,,,0.46,ak,ak00479oqrff,2019-02-13T01:08:27.407Z,"12 km N of Four Mile Road, Alaska",earthquake,,2.9,,,reviewed,ak,ak
2004-06-06T23:17:21.900Z,-31.096,-68.477,150,3.3,md,6,306.9,,,us,usp000cx9m,2014-11-07T01:22:34.444Z,"San Juan, Argentina",earthquake,,,,,reviewed,guc,guc
2004-06-06T23:15:23.230Z,-24.074,-66.711,192.8,3.6,mb,12,98.4,,0.54,us,usp000cx9k,2014-11-07T01:22:34.442Z,"42 km WNW of San Antonio de los Cobres, Argentina",earthquake,,7.2,,1,reviewed,us,us
2004-06-06T22:37:15.170Z,-4.001,152.334,26.6,3.8,mb,10,112.3,,1.35,us,usp000cx9j,2014-11-07T01:22:34.441Z,"29 km NE of Rabaul, Papua New Guinea",earthquake,,11.7,,1,reviewed,us,us
2004-06-06T22:35:04.780Z,13.37,-89.872,62.1,4.4,mb,78,77.2,,1.46,us,usp000cx9h,2014-11-07T01:22:34.432Z,"25 km S of Acajutla, El Salvador",earthquake,,,,23,reviewed,us,us
2004-06-06T22:18:17.731Z,63.2655,-151.1027,4.9,2.6,ml,,,,0.51,ak,ak00479o49l9,2019-02-13T01:08:27.068Z,"43 km SE of Denali National Park, Alaska",earthquake,,7.3,,,reviewed,ak,ak
2004-06-06T22:16:19.530Z,17.074,-68.127,25,3.4,md,6,341,,,us,usp000cx9f,2014-11-07T01:22:34.428Z,"141 km SW of Pole Ojea, Puerto Rico",earthquake,,,,,reviewed,rspr,rspr
2004-06-06T22:04:40.600Z,-39.12,175.45,136,4.3,mb,62,43.5,,,us,usp000cx9d,2014-11-07T01:22:34.421Z,"34 km WSW of Turangi, New Zealand",earthquake,,,,1,reviewed,wel,us
2004-06-06T21:45:48.230Z,8.603,-72.116,18.2,3.7,mb,9,85.9,,0.86,us,usp000cx9c,2014-11-07T01:22:34.420Z,"41 km NE of Puerto Santander, Colombia",earthquake,,33.4,,1,reviewed,us,us
2004-06-06T21:39:10.840Z,43.158,94.404,23.4,4.8,mwc,185,53.4,,0.92,us,usp000cx9b,2016-11-10T00:36:57.216Z,"81 km ENE of Hami, China",earthquake,,,,,reviewed,us,hrv
2004-06-06T20:51:18.700Z,51.389,-173.895,25.3,2.6,ml,9,245.5,,0.65,us,usp000cx97,2019-02-13T01:08:44.770Z,"92 km SSE of Atka, Alaska",earthquake,,41.3,,,reviewed,us,aeic
2004-06-06T19:47:24.290Z,39.063,100.053,29.2,4.7,mb,54,62,,0.71,us,usp000cx95,2014-11-07T01:22:34.388Z,"37 km WNW of Zhangye, China",earthquake,,11,,14,reviewed,us,us
2004-06-06T19:43:01.460Z,41.784,141.09,94.3,4.3,mb,66,133.1,,0.93,us,usp000cx94,2014-11-07T01:22:34.382Z,"29 km E of Hakodate, Japan",earthquake,,,,19,reviewed,us,us
2004-06-06T19:13:59.180Z,40.4758333,-124.5576667,21.527,2.54,md,7,310,0.1685,0.07,nc,nc21369339,2017-01-07T15:08:53.380Z,"27 km WSW of Ferndale, California",earthquake,4.12,0.69,0.03,3,reviewed,nc,nc
2004-06-06T19:08:52.650Z,-37.921,78.175,10,4.4,mb,12,113.5,,0.87,us,usp000cx91,2014-11-07T01:22:34.376Z,"Mid-Indian Ridge",earthquake,,,,2,reviewed,us,us
2004-06-06T18:09:37.530Z,34.4431667,-120.9248333,5.43,2.55,ml,6,191,0.3704,0.16,ci,ci14062748,2016-02-17T06:22:57.697Z,"48km WSW of Lompoc, California",earthquake,3.52,31.61,0.179,11,reviewed,ci,ci
2004-06-06T17:42:11.420Z,-24.421,-71.577,22.4,4.2,mb,31,111.9,,1.02,us,usp000cx8x,2014-11-07T01:22:34.368Z,"147 km SW of Antofagasta, Chile",earthquake,,20.6,,5,reviewed,us,us
2004-06-06T17:26:52.987Z,58.7792,-150.0048,16.4,2.8,ml,,,,0.42,ak,ak00479l6w0i,2019-02-13T01:08:25.160Z,"114 km SE of Halibut Cove, Alaska",earthquake,,61.8,,,reviewed,ak,ak
2004-06-06T17:16:38.200Z,44.208,6.534,2,2.5,ml,32,44.8,,,us,usp000cx8v,2014-11-07T01:22:34.361Z,"18 km ENE of Le Brusquet, France",earthquake,,,,,reviewed,ldg,gen
2004-06-06T16:50:12.830Z,36.613,-4.666,78.9,2.7,m,12,233.7,,,us,usp000cx8u,2014-11-07T01:22:34.358Z,"3 km NW of Mijas, Spain",earthquake,,,,,reviewed,mdd,mdd
2004-06-06T16:26:42.652Z,60.6791,-150.2508,49.9,2.5,ml,,,,0.45,ak,ak00479klfm1,2019-02-13T01:08:24.446Z,"31 km NW of Cooper Landing, Alaska",earthquake,,2.2,,,reviewed,ak,ak
2004-06-06T15:38:18.900Z,-36.055,-71.23,132,3.5,md,14,141.4,,,us,usp000cx8n,2014-11-07T01:22:34.346Z,"40 km SE of Linares, Chile",earthquake,,,,,reviewed,guc,guc
2004-06-06T15:37:09.356Z,58.9964,-136.2957,11.7,2.6,ml,,,,0.74,ak,ak00479k2abb,2019-02-13T01:08:39.817Z,"49 km SSW of Covenant Life, Alaska",earthquake,,1.6,,,reviewed,ak,ak
2004-06-06T15:33:02.800Z,-31.864,-69.808,137.9,2.6,md,4,311.8,,,us,usp000cx8k,2014-11-07T01:22:34.343Z,"69 km SSW of Calingasta, Argentina",earthquake,,,,,reviewed,guc,guc
2004-06-06T15:08:33.560Z,-56.052,-24.564,10,4.3,mb,12,124.4,,1.26,us,usp000cx8j,2014-11-07T01:22:34.341Z,"South Sandwich Islands region",earthquake,,,,5,reviewed,us,us
2004-06-06T14:50:29.630Z,-5.611,103.863,57.9,4.5,mb,40,73.2,,1.01,us,usp000cx8h,2014-11-07T01:22:34.338Z,"142 km SW of Kotabumi, Indonesia",earthquake,,,,8,reviewed,us,us
2004-06-06T14:38:05.680Z,17.053,-68.196,46.3,3.6,md,7,325.8,,,us,usp000cx8f,2014-11-07T01:22:34.335Z,"148 km SW of Pole Ojea, Puerto Rico",earthquake,,,,,reviewed,rspr,rspr
2004-06-06T14:24:15.650Z,39.763,32.846,27.3,3,md,6,179.7,,,us,usp000cx8d,2014-11-07T01:22:34.332Z,"17 km S of Çankaya, Turkey",earthquake,,,,,reviewed,isk,isk
2004-06-06T14:15:38.530Z,42.273,144.516,36.2,3.8,mb,20,136.2,,0.79,us,usp000cx8c,2014-11-07T01:22:34.328Z,"78 km S of Kushiro, Japan",earthquake,,,,4,reviewed,us,us
2004-06-06T13:55:40.740Z,12.193,-72.312,42.5,4.1,mb,22,59.6,,1.36,us,usp000cx8a,2014-11-07T01:22:34.321Z,"48 km NNE of Manaure, Colombia",earthquake,,13,,3,reviewed,us,us
2004-06-06T13:45:42.770Z,50.483,-176.996,30,2.9,ml,13,227.8,,0.74,us,usp000cx89,2019-02-13T01:08:24.129Z,"156 km S of Adak, Alaska",earthquake,,0,,,reviewed,us,aeic
2004-06-06T13:33:37.390Z,-34.32,179.208,189,4.5,mb,19,135.1,,1.01,us,usp000cx88,2014-11-07T01:22:34.316Z,"south of the Kermadec Islands",earthquake,,15.2,,4,reviewed,us,us
2004-06-06T12:30:29.520Z,12.819,57.986,10,4.5,mb,33,115.8,,1.14,us,usp000cx86,2014-11-07T01:22:34.310Z,"Owen Fracture Zone region",earthquake,,,,11,reviewed,us,us
2004-06-06T11:57:54.010Z,-24.026,179.299,510.3,4.3,mb,43,128.7,,0.81,us,usp000cx85,2014-11-07T01:22:34.305Z,"south of the Fiji Islands",earthquake,,22.4,,6,reviewed,us,us
2004-06-06T11:53:23.080Z,73.145,6.317,10,3.9,mb,19,64,,1.23,us,usp000cx84,2014-11-07T01:22:34.302Z,"Greenland Sea",earthquake,,,,3,reviewed,us,us
2004-06-06T10:28:21.900Z,37.836,15.68,21.7,2.6,md,13,160.6,,,us,usp000cx82,2014-11-07T01:22:34.298Z,"11 km SSW of Melito di Porto Salvo, Italy",earthquake,,,,,reviewed,rom,rom
2004-06-06T10:13:58.290Z,35.552,-121.2961667,2.542,2.5,md,47,200,0.1586,0.1,nc,nc21369298,2017-01-07T15:07:31.260Z,"13 km SW of San Simeon, California",earthquake,0.42,0.76,0.08,42,reviewed,nc,nc
2004-06-06T10:01:09.100Z,-35.062,-71.164,97.8,2.6,md,8,195.3,,,us,usp000cx81,2014-11-07T01:22:34.296Z,"11 km SE of Curicó, Chile",earthquake,,,,,reviewed,guc,guc
2004-06-06T09:56:12.200Z,60.4849,-147.1299,2.5,2.5,ml,,,,0.57,ak,ak00479glric,2019-02-13T01:08:23.811Z,"48 km SSW of Tatitlek, Alaska",earthquake,,8.1,,,reviewed,ak,ak
2004-06-06T09:52:06.240Z,-16.804,-174.216,10,4.3,mb,12,173.5,,0.66,us,usp000cx7z,2014-11-07T01:22:34.291Z,"104 km SSW of Hihifo, Tonga",earthquake,,0,,3,reviewed,us,us
2004-06-06T09:38:07.280Z,-6.04,113.109,579.4,5.9,mwb,417,26.5,,0.87,us,usp000cx7y,2022-05-02T17:13:47.180Z,"118 km NNE of Bangkalan, Indonesia",earthquake,,,,,reviewed,us,us
2004-06-06T09:14:34.820Z,51.492,16.15,5,2.6,ml,13,235.8,,0.86,us,usp000cx7w,2014-11-07T01:22:34.213Z,"5 km ESE of Polkowice, Poland",earthquake,,,,,reviewed,us,zamg
2004-06-06T09:03:12.500Z,-31.384,-71.709,15.5,2.7,ml,4,249.8,,,us,usp000cx7v,2014-11-07T01:22:34.211Z,"58 km WNW of Illapel, Chile",earthquake,,,,,reviewed,guc,guc
2004-06-06T08:43:08.400Z,45.95,2.82,5,3,ml,39,52.5,,,us,usp000cx7u,2014-11-07T01:22:34.203Z,"1 km NW of Saint-Georges-de-Mons, France",earthquake,,,,,reviewed,str,str
2004-06-06T08:40:52.380Z,35.5423333,-121.3045,1.752,3.72,mw,71,202,0.1685,0.08,nc,nc21369286,2017-03-17T17:54:37.933Z,"15 km SW of San Simeon, California",earthquake,0.35,1.02,,3,automatic,nc,nc
2004-06-06T08:14:01.250Z,51.375,-179.989,10,2.8,ml,9,355.4,,,us,usp000cx7s,2019-02-13T01:08:23.165Z,"238 km WSW of Adak, Alaska",earthquake,,,,,reviewed,aeic,aeic
2004-06-06T07:31:13.430Z,13.667,120.977,163,3.9,mb,12,113.5,,0.75,us,usp000cx7r,2014-11-07T01:22:34.194Z,"8 km SSE of Talaga, Philippines",earthquake,,7.4,,1,reviewed,us,us
2004-06-06T07:17:16.170Z,17.816,119.532,99.2,4.4,mb,14,126.5,,0.67,us,usp000cx7q,2014-11-07T01:22:34.191Z,"88 km W of Puro Pinget, Philippines",earthquake,,13.7,,2,reviewed,us,us
2004-06-06T06:02:28.840Z,18.171,-67.335,6.5,3,md,6,319,,,us,usp000cx7k,2014-11-07T01:22:34.044Z,"18 km NW of Puerto Real, Puerto Rico",earthquake,,,,,reviewed,rspr,rspr
2004-06-06T05:56:41.060Z,45.195,144.95,214.5,3.6,mb,10,139,,0.39,us,usp000cx7j,2014-11-07T01:22:33.917Z,"141 km NNE of Abashiri, Japan",earthquake,,34.7,,1,reviewed,us,us
2004-06-06T05:37:02.090Z,-56.206,-27.208,145.9,4,mb,24,76,,0.67,us,usp000cx7g,2014-11-07T01:22:33.849Z,"South Sandwich Islands region",earthquake,,20.2,,4,reviewed,us,us
2004-06-06T04:45:57.400Z,0.969,127.392,156.8,4.6,mb,14,187.4,,0.71,us,usp000cx7e,2014-11-07T01:22:33.728Z,"19 km N of Ternate, Indonesia",earthquake,,36.4,,2,reviewed,us,us
2004-06-06T04:44:38.160Z,-5.506,145.923,50,4.3,mb,9,191.1,,1,us,usp000cx7d,2014-11-07T01:22:33.615Z,"34 km SSE of Madang, Papua New Guinea",earthquake,,,,2,reviewed,us,us
2004-06-06T04:07:23.690Z,51.611,7.726,10,2.6,ml,20,116.8,,0.41,us,usp000cx7b,2014-11-07T01:22:33.598Z,"3 km WNW of Bönen, Germany",earthquake,,,,,reviewed,us,ldg
2004-06-06T03:19:44.920Z,36.828,-11.093,0,3.4,m,9,296.2,,,us,usp000cx7a,2014-11-07T01:22:33.525Z,"192 km W of Sagres, Portugal",earthquake,,,,,reviewed,mdd,mdd
2004-06-06T00:57:12.980Z,55.641,162.32,38.8,4.2,mb,26,132.8,,0.77,us,usp000cx78,2014-11-07T01:22:33.313Z,"66 km S of Ust’-Kamchatsk Staryy, Russia",earthquake,,15.8,,4,reviewed,us,us
2004-06-06T00:09:08.620Z,22.477,121.323,14.8,4.6,mb,51,104.6,,0.97,us,usp000cx77,2014-11-07T01:22:33.280Z,"79 km NE of Hengchun, Taiwan",earthquake,,16.1,,14,reviewed,us,us
2004-06-05T23:51:48.200Z,39.94,22.43,25,3.1,md,6,100.7,,,us,usp000cx76,2014-11-07T01:22:33.278Z,"9 km NNW of Gónnoi, Greece",earthquake,,,,,reviewed,ath,ath
2004-06-05T23:46:40.200Z,38.36,21.86,25,2.9,md,4,181.5,,,us,usp000cx75,2014-11-07T01:22:33.276Z,"4 km SE of Náfpaktos, Greece",earthquake,,,,,reviewed,ath,ath
2004-06-05T23:16:52.810Z,19.352,-155.0193333,7.824,2.98,ml,37,182,,0.09,hv,hv5372910,2020-03-31T21:10:02.210Z,"16 km SW of Leilani Estates, Hawaii",earthquake,0.61,0.4,0.16,8,reviewed,hv,hv
2004-06-05T23:03:40.740Z,30.38,140.36,130.8,4.3,mb,22,162.1,,0.76,us,usp000cx72,2014-11-07T01:22:33.271Z,"Izu Islands, Japan region",earthquake,,10.7,,4,reviewed,us,us
2004-06-05T22:09:46.100Z,37.46,22.75,41,3.1,md,7,140.5,,,us,usp000cx71,2014-11-07T01:22:33.270Z,"6 km NNE of Ástros, Greece",earthquake,,,,,reviewed,ath,ath
2004-06-05T22:02:18.610Z,-44.757,36.722,10,4.6,mb,35,78.9,,0.82,us,usp000cx70,2014-11-07T01:22:33.265Z,"Prince Edward Islands region",earthquake,,,,6,reviewed,us,us
2004-06-05T21:20:05.800Z,-32.228,-71.848,21.8,3.5,ml,19,214.4,,,us,usp000cx6y,2014-11-07T01:22:33.260Z,"63 km WNW of La Ligua, Chile",earthquake,,,,,reviewed,guc,guc
2004-06-05T21:09:02.100Z,-33.146,-70.259,2.2,2.6,ml,9,194.2,,,us,usp000cx6w,2014-11-07T01:22:33.256Z,"39 km ENE of Chicureo Abajo, Chile",earthquake,,,,,reviewed,guc,guc
2004-06-05T20:57:10.100Z,-33.4,-72.284,4.8,2.5,ml,7,296.2,,,us,usp000cx6v,2014-11-07T01:22:33.254Z,"65 km WNW of Cartagena, Chile",earthquake,,,,,reviewed,guc,guc
2004-06-05T20:21:20.130Z,35.5456667,-121.3,1.982,2.95,md,65,206,0.1649,0.07,nc,nc21369162,2017-01-07T15:04:28.410Z,"14 km SW of San Simeon, California",earthquake,0.29,0.75,0.09,62,reviewed,nc,nc
2004-06-05T19:52:35.360Z,52.607,-170.156,3.6,3,ml,14,197.7,,,us,usp000cx6t,2019-02-13T01:08:10.837Z,"Fox Islands, Aleutian Islands, Alaska",earthquake,,,,,reviewed,aeic,aeic
2004-06-05T19:40:37.310Z,-9.918,154.399,10,4.4,mb,16,86.7,,0.57,us,usp000cx6s,2014-11-07T01:22:33.248Z,"D'Entrecasteaux Islands region",earthquake,,,,2,reviewed,us,us
2004-06-05T19:34:24.800Z,-9.502,114.04,2,3.6,ml,4,316.9,,,us,usp000cx6r,2014-11-07T01:22:33.246Z,"122 km SSW of Muncar, Indonesia",earthquake,,,,,reviewed,dja,dja
2004-06-05T18:48:49.000Z,37,21.59,14,3.2,md,5,222,,,us,usp000cx6p,2014-11-07T01:22:33.243Z,"8 km SSW of Gargaliánoi, Greece",earthquake,,,,,reviewed,ath,ath
2004-06-05T18:29:56.752Z,60.5651,-146.8093,15.3,2.5,ml,,,,0.81,ak,ak00477y9mkb,2019-02-13T01:08:10.439Z,"34 km SSW of Tatitlek, Alaska",earthquake,,0.5,,,reviewed,ak,ak
2004-06-05T18:07:20.600Z,-39.48,175.63,67,3.8,ml,14,91.2,,,us,usp000cx6k,2014-11-07T01:22:33.213Z,"3 km W of Waiouru, New Zealand",earthquake,,,,,reviewed,wel,wel
2004-06-05T18:03:11.430Z,43.787,-105.182,0,3.3,ml,22,117.1,,1.12,rusms,rusms00003871,2022-06-09T21:12:35.707Z,"25 km E of Wright, Wyoming",explosion,,,,,reviewed,us,us
2004-06-05T17:00:45.100Z,-30.709,-71.731,16.2,3,ml,5,231.5,,,us,usp000cx6g,2014-11-07T01:22:33.207Z,"52 km WSW of Ovalle, Chile",earthquake,,,,,reviewed,guc,guc
2004-06-05T16:46:25.570Z,34.463,141.611,44,4.5,mb,22,125,,1.06,us,usp000cx6f,2014-11-07T01:22:33.205Z,"140 km ESE of Katsuura, Japan",earthquake,,,,5,reviewed,us,us
2004-06-05T16:27:27.350Z,-21.273,-68.942,111.6,4.4,mb,11,125,,1.37,us,usp000cx6e,2014-11-07T01:22:33.203Z,"131 km N of Calama, Chile",earthquake,,10.7,,1,reviewed,us,us
2004-06-05T16:21:23.036Z,55.9541,-159.3109,101.5,2.5,ml,,,,0.31,ak,ak00477x0z0v,2019-02-13T01:08:18.456Z,"11 km WNW of Perryville, Alaska",earthquake,,0.8,,,reviewed,ak,ak
2004-06-05T15:25:14.820Z,2.84,122.494,535,4.4,mb,23,134.9,,0.92,us,usp000cx6b,2014-11-07T01:22:33.194Z,"262 km NNW of Gorontalo, Indonesia",earthquake,,,,4,reviewed,us,us
2004-06-05T14:59:12.190Z,33.4863333,-116.511,8.025,2.58,ml,61,25,0.07667,0.21,ci,ci14062460,2016-04-02T00:35:56.228Z,"17km ESE of Anza, CA",earthquake,0.26,0.91,0.29,63,reviewed,ci,ci
2004-06-05T14:27:37.570Z,40.768,27.484,13.4,2.6,m,11,98.2,,,us,usp000cx67,2014-11-07T01:22:33.184Z,"12 km S of Kumba?, Turkey",earthquake,,,,,reviewed,isk,isk
2004-06-05T13:54:34.500Z,37.2,21.66,13,3.1,md,5,204.5,,,us,usp000cx63,2014-11-07T01:22:33.177Z,"5 km SSW of Kyparissía, Greece",earthquake,,,,,reviewed,ath,ath
2004-06-05T13:41:41.200Z,42.324,144.097,46.7,4.1,mb,9,185,,0.62,us,usp000cx62,2014-11-07T01:22:33.175Z,"75 km SSW of Kushiro, Japan",earthquake,,13.5,,1,reviewed,us,us
2004-06-05T13:38:22.900Z,37.1,21.69,29,3.4,ml,28,144.9,,,us,usp000cx61,2014-11-07T01:22:33.172Z,"5 km NNW of Chóra, Greece",earthquake,,,,,reviewed,ath,ath
2004-06-05T13:38:19.739Z,63.2257,-145.107,4.3,2.6,ml,,,,1.01,ak,ak00477vcb4l,2019-02-13T01:08:09.052Z,"29 km ENE of Paxson, Alaska",earthquake,,0.5,,,reviewed,ak,ak
2004-06-05T13:15:28.140Z,35.5503333,-121.2876667,1.232,2.51,md,54,199,0.1595,0.11,nc,nc21369086,2017-01-07T15:03:15.910Z,"13 km SW of San Simeon, California",earthquake,0.34,0.99,0.1,57,reviewed,nc,nc
2004-06-05T12:24:41.000Z,16.318,-99.311,13.4,4.1,md,8,223.1,,,us,usp000cx5y,2014-11-07T01:22:33.165Z,"47 km SW of Copala, Mexico",earthquake,,,,,reviewed,unm,unm
2004-06-05T12:02:58.970Z,9.024,126.445,43.1,4.7,mb,37,120.4,,0.96,us,usp000cx5x,2014-11-07T01:22:33.160Z,"19 km ENE of Bacolod, Philippines",earthquake,,,,9,reviewed,us,us
2004-06-05T11:56:40.790Z,-11.124,119.631,20.2,4.5,mb,20,129.5,,1.14,us,usp000cx5w,2014-11-07T01:22:33.157Z,"176 km SSW of Waingapu, Indonesia",earthquake,,38.1,,3,reviewed,us,us
2004-06-05T11:40:24.270Z,39.039,100.06,10,4.8,mb,72,56.1,,0.71,us,usp000cx5v,2014-11-07T01:22:33.150Z,"35 km WNW of Zhangye, China",earthquake,,,,26,reviewed,us,us
2004-06-05T11:38:18.210Z,52.157,-168.437,37.4,2.7,ml,5,309,,,us,usp000cx5u,2019-02-13T01:08:16.371Z,"91 km SSE of Nikolski, Alaska",earthquake,,,,,reviewed,aeic,aeic
2004-06-05T11:36:49.820Z,41.3541667,-123.4206667,34.397,2.6,md,6,101,0.07928,0.01,nc,nc21369074,2017-01-07T15:02:54.461Z,"45 km WSW of Etna, California",earthquake,1.02,1.45,0.09,6,reviewed,nc,nc
2004-06-05T11:17:26.900Z,-35.081,-179.899,40.4,4.8,mb,34,71.6,,1.14,us,usp000cx5t,2014-11-07T01:22:33.141Z,"east of the North Island of New Zealand",earthquake,,16.8,,3,reviewed,us,us
2004-06-05T10:23:49.000Z,-32.76,-71.719,26.3,2.6,ml,15,211.2,,,us,usp000cx5q,2014-11-07T01:22:33.133Z,"31 km NNW of Valparaíso, Chile",earthquake,,,,,reviewed,guc,guc
2004-06-05T09:46:35.530Z,14.713,54.252,10,4.4,mb,18,113,,0.78,us,usp000cx5p,2014-11-07T01:22:33.129Z,"229 km N of Hadibu, Yemen",earthquake,,,,6,reviewed,us,us
2004-06-05T09:20:38.801Z,53.6731,-164.7565,19.8,2.5,ml,,,,0.64,ak,ak00477surag,2019-02-13T01:08:07.083Z,"84 km SE of Akutan, Alaska",earthquake,,3.9,,,reviewed,ak,ak
2004-06-05T09:01:33.700Z,-37.443,-74.23,25,4.5,mb,37,140.9,,,us,usp000cx5m,2014-11-07T01:22:33.121Z,"54 km WNW of Lebu, Chile",earthquake,,,,4,reviewed,guc,us
2004-06-05T08:47:30.760Z,29.86,89.698,8.7,4.3,mb,23,127.4,,1.1,us,usp000cx5k,2014-11-07T01:22:33.118Z,"99 km W of Dêqên, China",earthquake,,33.5,,4,reviewed,us,us
2004-06-05T08:32:21.090Z,39.593,72.943,10,4.3,mb,21,104.2,,1.08,us,usp000cx5j,2014-11-07T01:22:33.114Z,"57 km E of Kyzyl-Eshme, Kyrgyzstan",earthquake,,,,5,reviewed,us,us
2004-06-05T08:23:10.180Z,-25.604,-179.833,439.4,4.2,mb,27,121,,1.08,us,usp000cx5g,2014-11-07T01:22:33.109Z,"south of the Fiji Islands",earthquake,,28.1,,5,reviewed,us,us
2004-06-05T07:17:46.150Z,-16.72,-69.84,166.9,4.1,mb,32,89.8,,0.85,us,usp000cx5e,2014-11-07T01:22:33.104Z,"13 km W of Mazo Cruz, Peru",earthquake,,6.9,,10,reviewed,us,us
2004-06-05T07:08:33.600Z,-31.594,-68.683,150,3.2,md,4,301.6,,,us,usp000cx5d,2014-11-07T01:22:33.102Z,"6 km SE of Villa Basilio Nievas, Argentina",earthquake,,,,,reviewed,guc,guc
2004-06-05T06:15:42.210Z,51.582,16.095,5,2.6,ml,11,249.3,,0.82,us,usp000cx5c,2014-11-07T01:22:33.100Z,"5 km WSW of Gr?bocice, Poland",earthquake,,,,,reviewed,us,zamg
2004-06-05T06:03:45.450Z,-37.592,78.066,10,5.1,mwc,27,60.3,,1.33,us,usp000cx5a,2022-05-02T17:13:45.935Z,"Mid-Indian Ridge",earthquake,,,,,reviewed,us,hrv
2004-06-05T05:55:57.406Z,66.1855,-162.4323,20,3.4,ml,,,,1.05,ak,ak00477qokd8,2019-02-13T01:16:00.721Z,"17 km NE of Deering, Alaska",earthquake,,0,,,reviewed,ak,ak
2004-06-05T05:29:20.650Z,10.878,125.552,75.5,4.5,mb,28,109.6,,0.85,us,usp000cx57,2014-11-07T01:22:33.086Z,"25 km SW of Guiuan, Philippines",earthquake,,16.6,,8,reviewed,us,us
2004-06-05T04:54:45.180Z,-18.635,-173.862,10,4.5,mb,12,137.6,,1.06,us,usp000cx56,2014-11-07T01:22:33.083Z,"12 km E of Neiafu, Tonga",earthquake,,,,4,reviewed,us,us
2004-06-05T04:48:12.140Z,40.719,20.925,4.4,3.7,ml,62,24.1,,,us,usp000cx55,2014-11-07T01:22:33.075Z,"11 km NNW of Bilisht, Albania",earthquake,,,,,reviewed,the,the
2004-06-05T04:43:48.920Z,-21.075,-178.567,501.1,4.4,mb,77,98.5,,0.88,us,usp000cx54,2014-11-07T01:22:33.060Z,"Fiji region",earthquake,,19.2,,22,reviewed,us,us
2004-06-05T04:25:35.620Z,-8.23,113.779,133.6,4.4,mb,17,137.2,,0.35,us,usp000cx53,2014-11-07T01:22:33.058Z,"10 km SE of Jember, Indonesia",earthquake,,5.8,,2,reviewed,us,us
2004-06-05T03:54:39.300Z,35.69,22.72,37,3.5,ml,6,223.4,,,us,usp000cx52,2014-11-07T01:22:33.057Z,"56 km SSW of Kýthira, Greece",earthquake,,,,,reviewed,ath,ath
2004-06-05T03:52:13.680Z,51.187,15.906,5,2.8,ml,12,111.6,,1.04,us,usp000cx51,2014-11-07T01:22:33.054Z,"2 km E of Zagrodno, Poland",earthquake,,,,,reviewed,us,zamg
2004-06-05T03:03:26.480Z,1.935,126.034,78.9,4.7,mb,33,119.5,,1.16,us,usp000cx4x,2014-11-07T01:22:33.043Z,"127 km ENE of Laikit, Laikit II (Dimembe), Indonesia",earthquake,,19.1,,3,reviewed,us,us
2004-06-05T02:46:51.110Z,35.5415,-121.3056667,1.142,3.53,mw,72,202,0.1694,0.12,nc,nc21368984,2017-01-07T15:00:33.640Z,"15 km SW of San Simeon, California",earthquake,0.34,1.49,,3,automatic,nc,nc
2004-06-05T02:36:48.400Z,6.73,-72.985,162.1,4.2,mb,42,65.2,,0.79,us,usp000cx4v,2014-11-07T01:22:33.035Z,"2 km SSW of Cepitá, Colombia",earthquake,,,,20,reviewed,us,us
2004-06-05T02:27:30.610Z,34.4928333,-120.6673333,-0.544,2.53,ml,10,278,0.155,0.2,ci,ci14062356,2016-02-16T15:42:44.064Z,"25km SW of Lompoc, California",earthquake,1.61,0.99,0.156,13,reviewed,ci,ci
2004-06-05T02:17:26.780Z,-27.012,-107.233,10,3.9,mb,13,148.2,,0.83,us,usp000cx4u,2014-11-07T01:22:33.034Z,"217 km E of Hanga Roa, Chile",earthquake,,,,2,reviewed,us,us
2004-06-05T01:43:05.230Z,-27.017,-178.191,195,4.3,mb,13,137.1,,0.66,us,usp000cx4s,2014-11-07T01:22:33.029Z,"Kermadec Islands region",earthquake,,,,1,reviewed,us,us
2004-06-05T01:24:04.264Z,52.4261,-174.149,152.4,2.5,ml,,,,0.42,ak,ak00477o42ne,2019-02-13T01:08:12.170Z,"25 km N of Atka, Alaska",earthquake,,8.9,,,reviewed,ak,ak
2004-06-05T01:06:27.800Z,34.64,26.37,3,3.1,md,4,273.3,,,us,usp000cx4r,2014-11-07T01:22:33.028Z,"62 km S of Palekastro, Greece",earthquake,,,,,reviewed,ath,ath
2004-06-05T00:58:34.800Z,38.57,23.61,5,2.5,ml,7,181,,,us,usp000cx4q,2014-11-07T01:22:33.026Z,"1 km W of Kastélla, Greece",earthquake,,,,,reviewed,ath,ath
2004-06-05T00:49:11.800Z,43.03,-0.31,5,2.5,ml,20,58.4,,,us,usp000cx4p,2014-11-07T01:22:33.022Z,"10 km ENE of Laruns, France",earthquake,,,,,reviewed,str,ldg
2004-06-05T00:45:21.563Z,59.7667,-153.63,123.9,2.6,ml,,,,0.67,ak,ak00477nn6f0,2019-02-13T01:08:04.715Z,"26 km E of Pedro Bay, Alaska",earthquake,,1.4,,,reviewed,ak,ak
2004-06-05T00:25:09.230Z,-56.499,-26.811,122.5,4.7,mb,37,62.5,,0.88,us,usp000cx4k,2014-11-07T01:22:33.012Z,"South Sandwich Islands region",earthquake,,16.3,,10,reviewed,us,us
2004-06-05T00:05:35.200Z,19.0796667,-155.3935,34.743,3.28,ml,38,199,,0.1,hv,hv5372725,2020-03-31T21:10:01.020Z,"16 km SSE of P?hala, Hawaii",earthquake,0.65,0.99,0.05,8,reviewed,hv,hv
2004-06-04T23:25:28.361Z,62.3917,-151.1212,80.3,2.6,ml,,,,0.78,ak,ak00476doj1g,2019-02-13T01:07:56.211Z,"21 km WSW of Petersville, Alaska",earthquake,,2,,,reviewed,ak,ak
2004-06-04T23:14:39.060Z,17.325,94.198,27.2,4.5,mb,31,112.2,,0.6,us,usp000cx4d,2014-11-07T01:22:32.992Z,"82 km NW of Pathein, Myanmar",earthquake,,,,6,reviewed,us,us
2004-06-04T22:33:27.120Z,19.3908333,-155.2458333,1.826,2.65,ml,21,105,,0.12,hv,hv6000180,2020-03-31T21:10:00.050Z,"5 km SSW of Volcano, Hawaii",earthquake,0.27,0.36,0.11,3,reviewed,hv,hv
2004-06-04T22:33:05.620Z,19.3836667,-155.241,2.086,3.18,ml,34,59,,0.12,hv,hv5372687,2020-03-31T21:09:59.880Z,"Island of Hawaii, Hawaii",earthquake,0.25,0.35,0.21,4,reviewed,hv,hv
2004-06-04T22:05:40.290Z,46.7426667,-122.7731667,0.877,2.7,md,9,87,0.08724,0.11,uw,uw10606858,2016-07-23T02:05:38.930Z,"9 km SE of Bucoda, Washington",explosion,0.56,0.85,0.03,6,reviewed,uw,uw
2004-06-04T21:59:04.560Z,38.759,-111.563,10.4,2.61,ml,20,80,0.1109,0.22,uu,uu50288525,2018-08-28T20:51:55.690Z,"32 km SW of Emery, Utah",earthquake,0.55,1.19,,8,reviewed,uu,uu
2004-06-04T21:53:55.290Z,42.303,-120.2396667,26.435,2.63,md,12,104,0.403,0.5,uw,uw10606838,2016-07-23T02:05:38.650Z,"15 km NE of Lakeview, Oregon",earthquake,2.16,4.41,0.05,11,reviewed,uw,uw
2004-06-04T21:43:21.310Z,51.536,-179.701,1.8,3.2,ml,10,353.7,,,us,usp000cx48,2019-02-13T01:07:55.224Z,"215 km WSW of Adak, Alaska",earthquake,,,,,reviewed,aeic,aeic
2004-06-04T21:38:26.285Z,54.71,-156.8637,22.3,3,ml,,,,0.52,ak,ak00476ckfz8,2019-02-13T01:07:54.906Z,"197 km SE of Perryville, Alaska",earthquake,,146.1,,,reviewed,ak,ak
2004-06-04T21:26:00.300Z,36.79,26.62,48,3.1,md,4,149.8,,,us,usp000cx46,2014-11-07T01:22:32.976Z,"30 km W of Kéfalos, Greece",earthquake,,,,,reviewed,ath,ath
2004-06-04T20:37:16.610Z,36.153,53.52,1.6,4,mb,21,148.9,,1.11,us,usp000cx44,2014-11-07T01:22:32.972Z,"51 km NNE of Mahdishahr, Iran",earthquake,,39.7,,3,reviewed,us,us
2004-06-04T20:04:02.300Z,43.04,-0.29,5,2.8,ml,23,69.9,,,us,usp000cx41,2014-11-07T01:22:32.964Z,"11 km SSW of Asson, France",earthquake,,,,,reviewed,str,ldg
2004-06-04T19:45:05.800Z,36.78,26.62,30,4.4,ml,96,44.9,,,us,usp000cx3z,2014-11-07T01:22:32.953Z,"30 km W of Kéfalos, Greece",earthquake,,,,,reviewed,ath,ath
2004-06-04T18:32:54.750Z,39.389,72.851,37.7,4.5,mb,59,57.4,,1.02,us,usp000cx3v,2014-11-07T01:22:32.941Z,"53 km ESE of Kyzyl-Eshme, Kyrgyzstan",earthquake,,13.9,,24,reviewed,us,us
2004-06-04T18:24:07.800Z,43.01,-0.35,5,3.4,ml,48,36.9,,,us,usp000cx3u,2014-11-07T01:22:32.933Z,"6 km ENE of Laruns, France",earthquake,,,,,reviewed,str,ldg
2004-06-04T18:19:02.050Z,40.657,23.108,1.7,3,md,11,85.3,,,us,usp000cx3t,2014-11-07T01:22:32.931Z,"0 km SSW of Ágios Vasíleios, Greece",earthquake,,,,,reviewed,the,ath
2004-06-04T18:00:01.200Z,54.233,-35.134,10,4.9,mwc,205,31.2,,0.94,us,usp000cx3r,2016-11-10T00:36:50.554Z,"Reykjanes Ridge",earthquake,,,,,reviewed,us,hrv
2004-06-04T17:26:56.400Z,-30.912,-71.727,19.3,4.5,ml,27,115,,,us,usp000cx3p,2014-11-07T01:22:32.905Z,"61 km SW of Ovalle, Chile",earthquake,,,,,reviewed,guc,guc
2004-06-04T17:24:00.660Z,51.45,156.791,146.8,4,mb,16,134.5,,0.59,us,usp000cx3n,2014-11-07T01:22:32.903Z,"20 km ESE of Ozernovskiy, Russia",earthquake,,9.1,,3,reviewed,us,us
2004-06-04T16:52:16.835Z,61.624,-149.9987,44.2,3.8,ml,,,,0.76,ak,ak004769o98z,2019-02-13T01:07:53.439Z,"9 km W of Houston, Alaska",earthquake,,0.7,,,reviewed,ak,ak
2004-06-04T16:23:09.400Z,42.3,2.21,5,2.5,ml,17,148.8,,,us,usp000cx3j,2014-11-07T01:22:32.886Z,"3 km E of Ribes de Freser, Spain",earthquake,,,,,reviewed,str,ldg
2004-06-04T16:21:38.570Z,54.194,-35.186,10,4.4,mb,47,124,,0.62,us,usp000cx3h,2014-11-07T01:22:32.882Z,"Reykjanes Ridge",earthquake,,,,14,reviewed,us,us
2004-06-04T16:14:36.746Z,58.956,-154.5452,134.9,3,ml,,,,0.36,ak,ak004769g5kq,2019-02-13T01:07:52.376Z,"55 km SSE of Kokhanok, Alaska",earthquake,,0.7,,,reviewed,ak,ak
2004-06-04T15:47:52.790Z,49.915,88.327,10,3.6,mb,11,165.9,,1.27,us,usp000cx3d,2014-11-07T01:22:32.872Z,"26 km WSW of Kosh-Agach, Russia",earthquake,,,,1,reviewed,us,us
2004-06-04T15:22:43.000Z,18.347,-102.762,11.5,4.2,md,9,177.7,,,us,usp000cx3b,2014-11-07T01:22:32.868Z,"43 km S of Aguililla, Mexico",earthquake,,,,,reviewed,unm,unm
2004-06-04T15:15:24.970Z,54.225,-35.069,10,4.6,mb,90,70.9,,0.81,us,usp000cx39,2014-11-07T01:22:32.855Z,"Reykjanes Ridge",earthquake,,,,38,reviewed,us,us
2004-06-04T15:12:03.110Z,54.135,-35.256,10,4.2,mb,24,173.4,,0.75,us,usp000cx37,2014-11-07T01:22:32.848Z,"Reykjanes Ridge",earthquake,,,,4,reviewed,us,us
2004-06-04T14:41:15.670Z,54.203,-35.165,10,5.1,mwc,224,47.2,,0.84,us,usp000cx36,2025-12-19T23:13:10.884Z,"Reykjanes Ridge",earthquake,,,,,reviewed,us,hrv
2004-06-04T14:22:20.580Z,54.335,-35.177,10,4.6,mb,116,71.2,,0.91,us,usp000cx35,2014-11-07T01:22:32.723Z,"Reykjanes Ridge",earthquake,,,,39,reviewed,us,us
2004-06-04T14:04:44.745Z,54.1235,-157.2931,47,2.9,ml,,,,0.81,ak,ak00476875tm,2019-02-13T01:08:01.139Z,"south of Alaska",earthquake,,47.4,,,reviewed,ak,ak
2004-06-04T13:37:53.280Z,40.4756667,-124.8945,15.077,3.05,md,41,244,0.4252,0.16,nc,nc21368801,2017-01-07T14:57:38.516Z,"54 km WSW of Ferndale, California",earthquake,1.04,0.86,0.12,24,reviewed,nc,nc
2004-06-04T13:33:34.740Z,19.4281667,-155.4013333,10.79,2.87,ml,34,40,,0.1,hv,hv5372636,2020-03-31T21:09:59.410Z,"17 km W of Volcano, Hawaii",earthquake,0.32,0.45,0.09,9,reviewed,hv,hv
2004-06-04T12:58:49.800Z,35.29,27.12,18,4,mb,35,194,,,us,usp000cx30,2014-11-07T01:22:32.713Z,"22 km SE of Fry, Greece",earthquake,,,,4,reviewed,ath,us
2004-06-04T12:14:17.930Z,23.917,-100.793,13.1,4.4,md,13,148.1,,0.99,us,usp000cx2w,2014-11-07T01:22:32.703Z,"5 km NNW of San Isidro, Mexico",earthquake,,37.4,,,reviewed,us,unm
2004-06-04T12:04:29.040Z,43.951,147.916,70.9,4.2,mb,21,135.8,,0.61,us,usp000cx2v,2014-11-07T01:22:32.678Z,"97 km E of Shikotan, Russia",earthquake,,14,,3,reviewed,us,us
2004-06-04T11:49:36.500Z,49.241,-1.243,15,2.7,ml,12,198.6,,,us,usp000cx2u,2014-11-07T01:22:32.675Z,"6 km S of Carentan, France",earthquake,,,,,reviewed,ldg,ldg
2004-06-04T11:27:03.400Z,38.6,24.09,26,3.6,ml,14,74.3,,,us,usp000cx2s,2014-11-07T01:22:32.671Z,"2 km NW of Oxílithos, Greece",earthquake,,,,,reviewed,ath,ath
2004-06-04T11:23:14.340Z,37.4823333,-118.8098333,6.004,3.14,md,40,112,0.05676,0.05,nc,nc21368785,2017-01-07T14:56:58.720Z,"California-Nevada border region",earthquake,0.24,0.73,0.13,59,automatic,nc,nc
2004-06-04T09:40:26.552Z,61.687,-149.4722,26.5,2.6,ml,,,,0.71,ak,ak004765fo67,2019-02-13T01:07:50.558Z,"7 km NNW of Tanaina, Alaska",earthquake,,0.2,,,reviewed,ak,ak
2004-06-04T08:50:24.650Z,72.925,-71.433,10,4.5,ms,75,62.9,,1.2,us,usp000cx2n,2014-11-07T01:22:32.647Z,"291 km NNW of Clyde River, Canada",earthquake,,0,,86,reviewed,us,us
2004-06-04T08:41:46.670Z,42.1518333,-111.357,7.82,2.98,ml,22,137,,0.22,uu,uu50288500,2019-06-28T18:47:53.760Z,"4 km NNE of Saint Charles, Idaho",earthquake,0.64,1.04,,16,reviewed,uu,uu
2004-06-04T08:17:56.200Z,36.77,26.62,45,3.1,md,5,103.6,,,us,usp000cx2k,2014-11-07T01:22:32.641Z,"30 km W of Kéfalos, Greece",earthquake,,,,,reviewed,ath,ath
2004-06-04T07:01:16.980Z,-30.309,-177.981,140,4.9,mb,22,135.7,,1,us,usp000cx2j,2014-11-07T01:22:32.638Z,"Kermadec Islands, New Zealand",earthquake,,,,5,reviewed,us,us
2004-06-04T06:30:45.180Z,39.025,73.47,108.4,4,mb,17,208.1,,0.68,us,usp000cx2h,2014-11-07T01:22:32.636Z,"104 km NNW of Murghob, Tajikistan",earthquake,,,,1,reviewed,us,us
2004-06-04T06:26:45.120Z,-21.622,169.558,55,4.1,mb,12,131.7,,0.8,us,usp000cx2g,2014-11-07T01:22:32.633Z,"173 km E of Tadine, New Caledonia",earthquake,,,,1,reviewed,us,us
2004-06-04T06:03:12.010Z,-15.774,167.994,130,4.6,mb,27,100.6,,1.08,us,usp000cx2f,2014-11-07T01:22:32.630Z,"Vanuatu",earthquake,,,,4,reviewed,us,us
2004-06-04T06:02:51.800Z,37.86,21.31,20,3.1,md,5,155.3,,,us,usp000cx2e,2014-11-07T01:22:32.628Z,"4 km S of Traganón, Greece",earthquake,,,,,reviewed,ath,ath
2004-06-04T05:32:19.600Z,36.82,26.58,59,3.3,md,6,102.4,,,us,usp000cx2d,2014-11-07T01:22:32.626Z,"34 km WNW of Kéfalos, Greece",earthquake,,,,,reviewed,ath,ath
2004-06-04T04:56:51.300Z,42.313,2.197,8,3.5,ml,86,72.2,,,us,usp000cx29,2014-11-07T01:22:32.603Z,"2 km ENE of Ribes de Freser, Spain",earthquake,,,,,reviewed,ldg,ldg
2004-06-04T04:43:54.200Z,36.73,26.57,12,3.6,md,9,92.3,,,us,usp000cx27,2014-11-07T01:22:32.598Z,"28 km NE of Astypálaia, Greece",earthquake,,,,,reviewed,ath,ath
2004-06-04T04:28:36.820Z,17.724,-67.938,100.3,3,md,4,345.8,,,us,usp000cx26,2014-11-07T01:22:32.596Z,"Puerto Rico region",earthquake,,,,,reviewed,rspr,rspr
2004-06-04T04:27:57.900Z,13.344,-93.264,111.8,4.3,md,7,284.3,,,us,usp000cx25,2014-11-07T01:22:32.594Z,"173 km SW of Brisas Barra de Suchiate, Mexico",earthquake,,,,,reviewed,unm,unm
2004-06-04T03:14:08.650Z,11.455,-86.575,52.9,4.8,mb,143,91.4,,0.91,us,usp000cx22,2014-11-07T01:22:32.565Z,"37 km S of Masachapa, Nicaragua",earthquake,,,,57,reviewed,us,us
2004-06-04T02:39:09.060Z,15.77,-60.725,48.6,4.4,mb,28,82.7,,0.85,us,usp000cx20,2014-11-07T01:22:32.560Z,"64 km ESE of Grand-Bourg, Guadeloupe",earthquake,,14.8,,7,reviewed,us,us
2004-06-04T02:38:28.000Z,-16.052,-173.854,85.4,5.6,mwc,175,41,,0.87,us,usp000cx1y,2022-05-02T17:13:39.965Z,"12 km SSW of Hihifo, Tonga",earthquake,,,,,reviewed,us,hrv
2004-06-04T02:36:07.680Z,44.539,83.245,24.4,4.5,mb,39,107.3,,0.73,us,usp000cx1x,2014-11-07T01:22:32.519Z,"99 km SE of Druzhba, Kazakhstan",earthquake,,13.5,,10,reviewed,us,us
2004-06-04T02:31:34.510Z,54.179,-163.659,63,2.6,ml,27,203.6,,,us,usp000cx1v,2019-02-13T01:07:48.068Z,"76 km SSW of False Pass, Alaska",earthquake,,,,,reviewed,aeic,aeic
2004-06-04T02:24:36.520Z,24.047,122.982,37.1,4.7,mb,51,91.9,,1.03,us,usp000cx1t,2014-11-07T01:22:32.504Z,"46 km S of Yonakuni, Japan",earthquake,,,,11,reviewed,us,us
2004-06-04T02:17:14.722Z,63.5175,-150.8392,9.9,2.7,ml,,,,0.76,ak,ak0047614ok0,2019-02-13T01:07:47.715Z,"44 km E of Denali National Park, Alaska",earthquake,,0.6,,,reviewed,ak,ak
2004-06-04T02:08:06.680Z,15.364,120.816,198.3,4.5,mb,39,92.6,,0.54,us,usp000cx1r,2014-11-07T01:22:32.494Z,"2 km WNW of San Francisco, Philippines",earthquake,,5.6,,4,reviewed,us,us
2004-06-04T01:48:03.170Z,54.463,-163.852,72.7,5.6,mwb,532,51.5,,1.05,us,usp000cx1p,2022-05-02T17:13:38.771Z,"52 km SSW of False Pass, Alaska",earthquake,,,,,reviewed,us,us
2004-06-04T01:44:32.500Z,34.63,25.23,4,3.2,md,4,253.4,,,us,usp000cx1m,2014-11-07T01:22:32.431Z,"42 km S of Pýrgos, Greece",earthquake,,,,,reviewed,ath,ath
2004-06-04T01:38:51.200Z,43.079,-0.34,4,3.1,ml,46,51.4,,,us,usp000cx1k,2014-11-07T01:22:32.421Z,"6 km E of Louvie-Juzon, France",earthquake,,,,,reviewed,ldg,ldg
2004-06-04T01:24:07.360Z,-24.065,179.87,526.7,3.9,mb,18,121.9,,0.96,us,usp000cx1g,2014-11-07T01:22:32.413Z,"south of the Fiji Islands",earthquake,,34.9,,1,reviewed,us,us
2004-06-04T01:05:13.110Z,18.559,145.96,95.6,4.2,mb,26,110.5,,0.79,us,usp000cx1f,2014-11-07T01:22:32.408Z,"Pagan region, Northern Mariana Islands",earthquake,,10.2,,2,reviewed,us,us
2004-06-04T00:53:27.620Z,37.12,137.085,269.6,4.4,mb,46,71.2,,0.68,us,usp000cx1e,2014-11-07T01:22:32.404Z,"13 km NE of Nanao, Japan",earthquake,,4.8,,15,reviewed,us,us
2004-06-04T00:18:46.760Z,19.3418333,-155.1258333,9.718,2.91,ml,36,173,,0.11,hv,hv5372562,2020-03-31T21:09:57.760Z,"13 km S of Fern Forest, Hawaii",earthquake,0.51,0.35,0.15,7,reviewed,hv,hv
2004-06-04T00:11:41.800Z,39.89,20.68,4,3.3,md,5,167.5,,,us,usp000cx1d,2014-11-07T01:22:32.402Z,"4 km E of Kalpáki, Greece",earthquake,,,,,reviewed,ath,ath
2004-06-03T23:54:55.148Z,61.511,-141.4353,2.7,2.8,ml,,,,0.5,ak,ak00474qbgdm,2019-02-13T01:07:30.735Z,"79 km E of McCarthy, Alaska",earthquake,,0.5,,,reviewed,ak,ak
2004-06-03T22:57:46.149Z,54.7305,-156.6935,47.6,4.1,mb,,,,0.72,ak,ak00474pqn86,2019-02-13T01:07:30.399Z,"203 km SE of Perryville, Alaska",earthquake,,57.8,,,reviewed,ak,ak
2004-06-03T22:34:05.300Z,-30.64,-177.355,10,4.7,mb,11,229.3,,1.5,us,usp000cx18,2014-11-07T01:22:32.386Z,"Kermadec Islands, New Zealand",earthquake,,,,3,reviewed,us,us
2004-06-03T22:33:38.770Z,41.771,84.407,10,4.7,mb,9,152,,0.7,us,usp000cx16,2014-11-07T01:22:32.381Z,"122 km E of Kuqa, China",earthquake,,,,1,reviewed,us,us
2004-06-03T22:20:12.910Z,46.7428333,-122.7661667,0.551,2.6,md,5,122,0.08477,0,uw,uw10606363,2016-07-23T02:05:35.650Z,"10 km SE of Bucoda, Washington",explosion,,,0.03,4,reviewed,uw,uw
2004-06-03T21:35:51.120Z,-55.181,-26.912,10,4.3,mb,13,123.4,,0.56,us,usp000cx13,2014-11-07T01:22:32.369Z,"South Sandwich Islands region",earthquake,,,,6,reviewed,us,us
2004-06-03T21:22:06.200Z,17.677,-101.553,36.5,4.3,md,12,176.9,,,us,usp000cx12,2014-11-07T01:22:32.366Z,"3 km N of Ixtapa-Zihuatanejo, Mexico",earthquake,,,,,reviewed,unm,unm
2004-06-03T20:55:24.950Z,38.8263333,-122.8031667,3.398,3.52,ml,57,31,0.01982,0.08,nc,nc21368599,2022-06-18T08:56:45.403Z,"6 km W of Cobb, California",earthquake,0.15,0.3,,14,automatic,nc,nc
2004-06-03T20:43:26.200Z,43.041,-0.325,3,2.7,ml,23,47.4,,,us,usp000cx10,2014-11-07T01:22:32.353Z,"9 km ESE of Louvie-Juzon, France",earthquake,,,,,reviewed,ldg,ldg
2004-06-03T20:39:53.030Z,-17.972,-177.586,560,4.1,mb,13,136.9,,0.97,us,usp000cx0y,2014-11-07T01:22:32.348Z,"Fiji region",earthquake,,,,2,reviewed,us,us
2004-06-03T20:36:52.650Z,34.191,141.784,10,4.2,mb,11,143.3,,1.22,us,usp000cx0x,2014-11-07T01:22:32.345Z,"171 km SE of Katsuura, Japan",earthquake,,,,1,reviewed,us,us
2004-06-03T20:31:16.100Z,43.042,-0.323,3,2.9,ml,23,90.6,,,us,usp000cx0w,2014-11-07T01:22:32.339Z,"9 km ESE of Louvie-Juzon, France",earthquake,,,,,reviewed,ldg,ldg
2004-06-03T20:24:24.690Z,-51.984,139.524,10,3.8,mb,8,164.4,,0.7,us,usp000cx0v,2014-11-07T01:22:32.336Z,"western Indian-Antarctic Ridge",earthquake,,,,2,reviewed,us,us
2004-06-03T19:01:27.901Z,54.7303,-156.7978,51.3,4.4,mb,,,,0.52,ak,ak00474nmawm,2019-02-13T01:07:29.325Z,"198 km SE of Perryville, Alaska",earthquake,,4.6,,,reviewed,ak,ak
2004-06-03T18:51:27.305Z,54.8495,-156.9115,47.1,4.4,mb,,,,0.49,ak,ak00474nbl22,2019-02-13T01:07:28.871Z,"184 km SE of Perryville, Alaska",earthquake,,5.6,,,reviewed,ak,ak
2004-06-03T18:45:24.600Z,17.797,-101.573,31.5,3.9,md,5,181.4,,,us,usp000cx0q,2014-11-07T01:22:32.305Z,"9 km NE of Pantla, Mexico",earthquake,,,,,reviewed,unm,unm
2004-06-03T18:20:07.870Z,-17.447,-179.016,590,4.4,mb,19,180.9,,0.46,us,usp000cx0n,2014-11-07T01:22:32.274Z,"189 km ENE of Levuka, Fiji",earthquake,,,,2,reviewed,us,us
2004-06-03T17:41:06.900Z,37.86,21.37,6,3.4,md,13,150.7,,,us,usp000cx0k,2014-11-07T01:22:32.246Z,"1 km WNW of Synoikismós Chavaríou, Greece",earthquake,,,,,reviewed,ath,ath
2004-06-03T17:25:43.484Z,64.4744,-152.0106,30.2,4,mw,,,,0.71,ak,ak00474mkm30,2019-02-13T01:07:28.453Z,"67 km NNE of Lake Minchumina, Alaska",earthquake,,2.3,,,reviewed,ak,ak
2004-06-03T16:36:23.340Z,-19.525,-66.733,251.3,4.2,mb,23,93,,0.8,us,usp000cx0g,2014-11-07T01:22:32.204Z,"69 km S of Challapata, Bolivia",earthquake,,6.8,,14,reviewed,us,us
2004-06-03T16:02:51.850Z,23.673,121.765,10,4,mb,12,154.2,,0.99,us,usp000cx0f,2014-11-07T01:22:32.200Z,"37 km SSE of Hualien City, Taiwan",earthquake,,,,2,reviewed,us,us
2004-06-03T15:53:37.140Z,-22.504,-66.172,248.4,4.3,mb,19,84.6,,1.38,us,usp000cx0d,2014-11-07T01:22:32.194Z,"54 km WNW of Abra Pampa, Argentina",earthquake,,10.8,,8,reviewed,us,us
2004-06-03T14:51:20.400Z,15.016,-92.89,27.3,4.2,md,4,217.2,,,us,usp000cx09,2014-11-07T01:22:32.185Z,"26 km SW of El Arenal, Mexico",earthquake,,,,,reviewed,unm,unm
2004-06-03T14:39:51.930Z,15.88,-94.084,90.2,4.3,md,25,166.1,,1.24,us,usp000cx07,2014-11-07T01:22:32.177Z,"28 km S of La Línea, Mexico",earthquake,,6.5,,,reviewed,us,unm
2004-06-03T14:36:17.060Z,34.157,141.407,10,4.1,mb,11,161.9,,0.69,us,usp000cx06,2014-11-07T01:22:32.174Z,"148 km SE of Katsuura, Japan",earthquake,,,,1,reviewed,us,us
2004-06-03T14:11:47.610Z,-7.166,148.8,50,3.9,mb,7,193.2,,0.61,us,usp000cx05,2014-11-07T01:22:32.172Z,"125 km ESE of Finschhafen, Papua New Guinea",earthquake,,,,1,reviewed,us,us
2004-06-03T13:30:54.580Z,12.076,-86.757,10,4.4,mb,20,193.9,,1.06,us,usp000cx02,2014-11-07T01:22:32.133Z,"29 km WNW of Villa El Carmen, Nicaragua",earthquake,,,,11,reviewed,us,us
2004-06-03T13:01:21.660Z,25.212,95.12,103,4.8,mb,139,58.8,,0.73,us,usp000cx00,2014-11-07T01:22:32.106Z,"80 km SE of Phek, India",earthquake,,5.5,,65,reviewed,us,us
2004-06-03T12:23:46.440Z,34.104,141.565,10,4.5,mb,41,124.5,,0.85,us,usp000cwzz,2014-11-07T01:22:32.100Z,"162 km SE of Katsuura, Japan",earthquake,,,,16,reviewed,us,us
2004-06-03T11:50:46.350Z,34.174,89.15,10,4.4,mb,27,135.4,,1.21,us,usp000cwzy,2014-11-07T01:22:32.095Z,"Xizang-Qinghai border region",earthquake,,,,8,reviewed,us,us
2004-06-03T10:55:48.190Z,52.362,-170.681,1,3,ml,7,203.7,,,us,usp000cwzv,2019-02-13T01:07:38.071Z,"138 km WSW of Nikolski, Alaska",earthquake,,,,,reviewed,aeic,aeic
2004-06-03T10:29:45.400Z,52.268,-170.511,25.8,3,ml,6,210.4,,,us,usp000cwzu,2019-02-13T01:07:37.773Z,"134 km SW of Nikolski, Alaska",earthquake,,,,,reviewed,aeic,aeic
2004-06-03T10:27:29.890Z,52.234,-170.531,21.7,3.6,ml,16,178.2,,,us,usp000cwzt,2019-02-13T01:07:27.391Z,"137 km SW of Nikolski, Alaska",earthquake,,,,,reviewed,aeic,aeic
2004-06-03T09:41:42.880Z,12.561,142.207,10,4.8,mb,8,124.5,,0.81,us,usp000cwzr,2014-11-07T01:22:32.074Z,"278 km WSW of Merizo Village, Guam",earthquake,,,,1,reviewed,us,us
2004-06-03T09:32:35.620Z,26.876,34.35,10,4.5,mb,20,79.5,,1,us,usp000cwzq,2014-11-07T01:22:32.069Z,"43 km ENE of Safaga, Egypt",earthquake,,,,3,reviewed,us,us
2004-06-03T09:07:07.100Z,45.12,3.87,10,2.5,ml,5,296.1,,,us,usp000cwzp,2014-11-07T01:22:32.066Z,"4 km ESE of Saint-Paulien, France",earthquake,,,,,reviewed,str,str
2004-06-03T08:54:46.230Z,39.3335,-120.0083333,2.991,4.2,mw,43,120,0.04144,0.08,nc,nc21368407,2020-05-06T06:54:02.236Z,"6 km S of Floriston, California",earthquake,0.24,0.91,,4,automatic,nc,nc
2004-06-03T08:34:41.690Z,-1.986,-12.769,10,4.4,mb,14,82.6,,0.84,us,usp000cwzk,2014-11-07T01:22:32.038Z,"north of Ascension Island",earthquake,,,,4,reviewed,us,us
2004-06-03T08:33:46.400Z,38.32,22.05,10,3.1,md,4,173.5,,,us,usp000cwzj,2014-11-07T01:22:32.036Z,"5 km ENE of Kamárai, Greece",earthquake,,,,,reviewed,ath,ath
2004-06-03T08:30:35.320Z,-37.227,-17.282,10,4.4,mb,15,74.7,,1.16,us,usp000cwzh,2014-11-07T01:22:32.032Z,"southern Mid-Atlantic Ridge",earthquake,,,,6,reviewed,us,us
2004-06-03T08:25:37.560Z,39.3363333,-120.0123333,2.91,3.04,ml,40,119,0.1396,0.06,nc,nc21368395,2018-04-24T21:12:38.140Z,"6 km S of Floriston, California",earthquake,0.17,1.15,,5,automatic,nc,nc
2004-06-03T08:16:04.880Z,-55.078,-26.432,10,4.4,mb,10,122.9,,1.06,us,usp000cwze,2014-11-07T01:22:32.021Z,"South Sandwich Islands region",earthquake,,,,4,reviewed,us,us
2004-06-03T07:58:36.510Z,52.059,-176.668,19.2,2.8,ml,16,158.7,,,us,usp000cwzd,2019-02-13T01:07:27.077Z,"20 km N of Adak, Alaska",earthquake,,,,,reviewed,aeic,aeic
2004-06-03T07:46:44.530Z,-9.373,127.843,10,4,mb,7,154.7,,1.01,us,usp000cwzc,2014-11-07T01:22:32.013Z,"132 km SE of Lospalos, Timor Leste",earthquake,,,,1,reviewed,us,us
2004-06-03T07:05:12.680Z,35.7215,-121.1061667,5.693,2.86,md,58,50,0.05495,0.08,nc,nc21368385,2017-01-07T14:46:48.630Z,"11 km NE of San Simeon, California",earthquake,0.15,0.43,0.08,71,reviewed,nc,nc
2004-06-03T06:19:21.300Z,34.69,26.1,8,3.2,md,4,250,,,us,usp000cwza,2014-11-07T01:22:32.008Z,"48 km SE of Ierápetra, Greece",earthquake,,,,,reviewed,ath,ath
2004-06-03T06:00:10.370Z,6.733,-72.992,163.2,4.3,mb,8,148.7,,0.64,us,usp000cwz9,2014-11-07T01:22:32.005Z,"3 km SW of Cepitá, Colombia",earthquake,,12,,2,reviewed,us,us
2004-06-03T05:51:41.110Z,-5.594,148.877,196.9,4.5,mb,12,181.3,,1.36,us,usp000cwz8,2014-11-07T01:22:32.001Z,"100 km NW of Kandrian, Papua New Guinea",earthquake,,15.4,,2,reviewed,us,us
2004-06-03T05:16:43.190Z,-15.082,-173.366,35,4.6,mb,14,123.9,,0.5,us,usp000cwz7,2014-11-07T01:22:31.998Z,"106 km NNE of Hihifo, Tonga",earthquake,,,,4,reviewed,us,us
2004-06-03T05:00:11.590Z,60.6743,-147.6144,5.7,2.6,ml,,,,0.58,ak,ak00474f9zgn,2019-02-13T01:07:26.382Z,"55 km WSW of Tatitlek, Alaska",earthquake,,0.2,,,reviewed,ak,ak
2004-06-03T04:23:09.930Z,34.0593333,-117.2565,12.744,2.73,ml,93,19,,0.2,ci,ci14061672,2016-04-02T19:41:16.162Z,"1km NNE of Loma Linda, CA",earthquake,0.2,0.38,0.277,92,reviewed,ci,ci
2004-06-03T04:02:17.300Z,4.932,127.88,36.4,4.7,mb,22,123.1,,0.9,us,usp000cwz4,2014-11-07T01:22:31.981Z,"246 km SE of Pondaguitan, Philippines",earthquake,,54.7,,3,reviewed,us,us
2004-06-03T03:54:54.742Z,60.4763,-142.9859,4.8,2.6,ml,,,,0.5,ak,ak00474ees8y,2019-02-13T01:07:25.727Z,"106 km S of McCarthy, Alaska",earthquake,,0.3,,,reviewed,ak,ak
2004-06-03T03:42:23.090Z,-7.414,123.873,553.9,3.5,mb,10,152.8,,1.07,us,usp000cwz2,2014-11-07T01:22:31.971Z,"197 km NW of Maubara, Timor Leste",earthquake,,21,,2,reviewed,us,us
2004-06-03T03:13:38.820Z,-22.041,-179.784,618.9,3.7,mb,18,122.1,,0.72,us,usp000cwz1,2014-11-07T01:22:31.966Z,"south of the Fiji Islands",earthquake,,48.1,,4,reviewed,us,us
2004-06-03T02:39:29.690Z,-23.86,-175.471,10,4.9,mb,12,122.6,,1,us,usp000cwz0,2014-11-07T01:22:31.963Z,"284 km S of ‘Ohonua, Tonga",earthquake,,,,6,reviewed,us,us
2004-06-03T02:24:28.190Z,50.905,15.851,5,2.5,m,7,197.6,,1.26,us,usp000cwyz,2014-11-07T01:22:31.959Z,"6 km WNW of Janowice Wielkie, Poland",earthquake,,,,,reviewed,us,war
2004-06-03T02:22:15.850Z,-30.726,-177.171,10,4.6,mb,9,161.5,,1.16,us,usp000cwyy,2014-11-07T01:22:31.956Z,"Kermadec Islands, New Zealand",earthquake,,,,2,reviewed,us,us
2004-06-03T01:34:54.200Z,38.57,23.99,9,3.5,ml,12,81.5,,,us,usp000cwyw,2014-11-07T01:22:31.949Z,"10 km W of Oxílithos, Greece",earthquake,,,,,reviewed,ath,ath
2004-06-03T01:30:12.820Z,-17.387,-178.845,550,4,mb,21,122.3,,0.56,us,usp000cwyv,2014-11-07T01:22:31.943Z,"208 km ENE of Levuka, Fiji",earthquake,,,,4,reviewed,us,us
2004-06-03T01:10:45.000Z,15.015,-92.671,103.7,4.2,md,5,209.1,,,us,usp000cwyt,2014-11-07T01:22:31.937Z,"14 km WSW of Francisco I. Madero, Mexico",earthquake,,,,,reviewed,unm,unm
2004-06-03T00:18:32.150Z,34.233,141.673,10,4.5,mb,24,139.8,,0.78,us,usp000cwyr,2014-11-07T01:22:31.929Z,"160 km SE of Katsuura, Japan",earthquake,,,,7,reviewed,us,us
2004-06-02T23:27:33.100Z,38.13,22.66,5,3,ml,14,123.4,,,us,usp000cwyp,2014-11-07T01:22:31.922Z,"Greece",earthquake,,,,,reviewed,ath,ath
2004-06-02T23:18:13.800Z,36.56,21.63,5,3.3,md,6,215,,,us,usp000cwyn,2014-11-07T01:22:31.919Z,"29 km SSW of Methóni, Greece",earthquake,,,,,reviewed,ath,ath
2004-06-02T23:12:32.890Z,4.793,-32.706,10,4.5,mb,30,95.8,,0.81,us,usp000cwym,2014-11-07T01:22:31.906Z,"central Mid-Atlantic Ridge",earthquake,,,,5,reviewed,us,us
2004-06-02T22:39:29.530Z,-30.481,-177.875,28,5.8,mwb,254,56.9,,0.91,us,usp000cwyk,2022-05-02T17:13:37.313Z,"Kermadec Islands, New Zealand",earthquake,,,,,reviewed,us,us
2004-06-02T22:10:36.120Z,10.188,93.625,26.8,4.7,mb,86,77.3,,0.71,us,usp000cwyj,2014-11-07T01:22:31.820Z,"189 km SSE of Port Blair, India",earthquake,,,,23,reviewed,us,us
2004-06-02T21:34:07.000Z,36.534,70.493,215.3,3.9,mb,17,151.9,,0.8,us,usp000cwyh,2014-11-07T01:22:31.815Z,"48 km SW of Jurm, Afghanistan",earthquake,,16.4,,2,reviewed,us,us
2004-06-02T21:15:39.560Z,46.7021667,-122.7575,1.111,2.6,md,5,115,0.04963,0.01,uw,uw10605808,2016-07-23T02:05:32.460Z,"13 km SE of Bucoda, Washington",explosion,0.12,0.16,0.03,4,reviewed,uw,uw
2004-06-02T20:47:57.000Z,4.798,-32.654,10,5.4,mwc,229,36.4,,1.03,us,usp000cwyg,2025-12-19T23:13:10.229Z,"central Mid-Atlantic Ridge",earthquake,,,,,reviewed,us,hrv
2004-06-02T20:47:14.600Z,36.51,27.18,13,3.1,md,6,133,,,us,usp000cwyf,2014-11-07T01:22:31.665Z,"12 km SSE of Mandráki, Greece",earthquake,,,,,reviewed,ath,ath
2004-06-02T20:33:05.190Z,4.826,-32.65,10,4.7,mb,54,68.1,,0.92,us,usp000cwye,2014-11-07T01:22:31.654Z,"central Mid-Atlantic Ridge",earthquake,,,,15,reviewed,us,us
2004-06-02T20:27:53.490Z,-6.425,128.075,324.5,3.9,mb,24,129,,0.38,us,usp000cwyd,2014-11-07T01:22:31.647Z,"260 km NNE of Lospalos, Timor Leste",earthquake,,9.3,,4,reviewed,us,us
2004-06-02T20:22:22.160Z,-16.559,-174.087,76.7,4.5,mb,35,142.6,,0.59,us,usp000cwyc,2014-11-07T01:22:31.595Z,"73 km SSW of Hihifo, Tonga",earthquake,,38,,5,reviewed,us,us
2004-06-02T20:21:33.690Z,39.093,100.075,12.3,4.8,mb,73,56.2,,0.8,us,usp000cwyb,2014-11-07T01:22:31.578Z,"37 km WNW of Zhangye, China",earthquake,,13.7,,27,reviewed,us,us
2004-06-02T19:55:23.200Z,38.81,23.88,4,2.8,ml,6,226.6,,,us,usp000cwya,2014-11-07T01:22:31.576Z,"27 km NW of Kými, Greece",earthquake,,,,,reviewed,ath,ath
2004-06-02T18:42:55.390Z,-8.919,117.342,108.9,4.4,mb,21,76.6,,0.82,us,usp000cwy9,2014-11-07T01:22:31.570Z,"47 km S of Sumbawa Besar, Indonesia",earthquake,,7.1,,2,reviewed,us,us
2004-06-02T17:59:46.000Z,42.227,13.246,8.5,2.5,md,8,75.4,,,us,usp000cwy8,2014-11-07T01:22:31.567Z,"central Italy",earthquake,,,,,reviewed,rom,rom
2004-06-02T17:38:22.400Z,-19.104,-177.664,500,4.2,mb,20,186.2,,0.94,us,usp000cwy7,2014-11-07T01:22:31.563Z,"Fiji region",earthquake,,,,4,reviewed,us,us
2004-06-02T17:25:48.510Z,-18.068,-178.08,500,4,mb,13,198.1,,0.4,us,usp000cwy6,2014-11-07T01:22:31.559Z,"275 km E of Levuka, Fiji",earthquake,,,,3,reviewed,us,us
2004-06-02T17:15:12.410Z,42.311,74.91,18.2,4.8,mb,74,52.4,,0.86,us,usp000cwy5,2014-11-07T01:22:31.545Z,"64 km S of Kant, Kyrgyzstan",earthquake,,,,35,reviewed,us,us
2004-06-02T17:05:07.930Z,-23.766,179.256,537,5.6,mwc,373,43.8,,0.87,us,usp000cwy4,2022-05-02T17:13:30.955Z,"south of the Fiji Islands",earthquake,,,,,reviewed,us,hrv
2004-06-02T17:04:38.000Z,-30.491,117.076,3,2.7,ml,7,130.7,,,us,usp000cwy3,2014-11-07T01:22:31.456Z,"104 km E of Moora, Australia",earthquake,,,,,reviewed,aust,aust
2004-06-02T16:57:10.700Z,38.26,21.99,5,3.2,ml,14,83.5,,,us,usp000cwy2,2014-11-07T01:22:31.452Z,"4 km S of Kamárai, Greece",earthquake,,,,,reviewed,ath,ath
2004-06-02T16:56:33.460Z,23.505,121.495,35.5,4.8,mwc,88,82.1,,0.77,us,usp000cwy1,2016-11-10T00:36:40.770Z,"53 km SSW of Hualien City, Taiwan",earthquake,,5.7,,,reviewed,us,hrv
2004-06-02T16:21:52.950Z,53.467,-165.922,15.7,2.6,ml,17,218,,,us,usp000cwxz,2019-02-13T01:06:59.739Z,"60 km SE of Unalaska, Alaska",earthquake,,,,,reviewed,aeic,aeic
2004-06-02T16:19:20.760Z,52.164,-170.372,39.3,2.6,ml,6,219.8,,,us,usp000cwxy,2019-02-13T01:07:20.178Z,"133 km SW of Nikolski, Alaska",earthquake,,,,,reviewed,aeic,aeic
2004-06-02T15:57:39.500Z,51.369,179.496,37.3,3,ml,14,215.9,,,us,usp000cwxx,2019-02-13T01:06:59.073Z,"273 km WSW of Adak, Alaska",earthquake,,,,,reviewed,aeic,aeic
2004-06-02T15:24:59.970Z,52.324,-170.541,53.1,4.4,mb,71,127.1,,0.8,us,usp000cwxw,2019-02-13T01:06:58.403Z,"132 km WSW of Nikolski, Alaska",earthquake,,4.2,,19,reviewed,us,us
2004-06-02T15:06:02.860Z,4.775,-32.566,10,4.7,mb,66,63.4,,1.13,us,usp000cwxv,2014-11-07T01:22:31.367Z,"central Mid-Atlantic Ridge",earthquake,,,,16,reviewed,us,us
2004-06-02T14:42:59.780Z,42.522,18.681,15.3,2.8,ml,20,81.9,,,us,usp000cwxu,2014-11-07T01:22:31.360Z,"1 km WNW of Risan, Montenegro",earthquake,,,,,reviewed,pdg,pdg
2004-06-02T14:17:52.660Z,-4.845,153.472,111.5,4.1,mb,8,201.4,,0.44,us,usp000cwxt,2014-11-07T01:22:31.357Z,"144 km ESE of Kokopo, Papua New Guinea",earthquake,,24.9,,1,reviewed,us,us
2004-06-02T13:48:45.620Z,39.071,36,4.2,2.6,md,4,166.7,,,us,usp000cwxs,2014-11-07T01:22:31.355Z,"2 km ESE of Sar?o?lan, Turkey",earthquake,,,,,reviewed,isk,isk
2004-06-02T13:27:31.100Z,36.41,23.09,22,3.3,md,5,159.4,,,us,usp000cwxp,2014-11-07T01:22:31.346Z,"30 km NNE of Kýthira, Greece",earthquake,,,,,reviewed,ath,ath
2004-06-02T13:04:51.600Z,42.35,2.21,10,2.6,ml,15,142,,,us,usp000cwxn,2014-11-07T01:22:31.340Z,"6 km NE of Ribes de Freser, Spain",earthquake,,,,,reviewed,str,ldg
2004-06-02T13:03:03.500Z,38.02,20.57,5,3.2,md,4,213.2,,,us,usp000cwxm,2014-11-07T01:22:31.338Z,"17 km S of Valsamáta, Greece",earthquake,,,,,reviewed,ath,ath
2004-06-02T12:54:50.200Z,16.713,-96.332,51.2,3.5,md,6,145.9,,,us,usp000cwxk,2014-11-07T01:22:31.334Z,"5 km NNW of San Pedro Totolápam, Mexico",earthquake,,,,,reviewed,unm,unm
2004-06-02T12:43:51.640Z,17.953,-66.261,5.2,2.6,md,8,209.9,,,us,usp000cwxj,2014-11-07T01:22:31.330Z,"4 km W of Central Aguirre, Puerto Rico",earthquake,,,,,reviewed,rspr,rspr
2004-06-02T12:33:05.371Z,62.8519,-149.6821,75.4,2.9,ml,,,,0.64,ak,ak00472w3qcp,2019-02-13T01:06:57.998Z,"49 km NNE of Chase, Alaska",earthquake,,0.6,,,reviewed,ak,ak
2004-06-02T12:27:38.700Z,49.359,6.907,1,2.6,ml,6,292.6,,,us,usp000cwxg,2014-11-07T01:22:31.316Z,"3 km NW of Heusweiler, Germany",earthquake,,,,,reviewed,ldg,ldg
2004-06-02T11:55:47.501Z,63.0654,-151.6191,9.2,2.7,ml,,,,0.69,ak,ak00472vn3r2,2019-02-13T01:06:57.236Z,"53 km S of Denali National Park, Alaska",earthquake,,0.6,,,reviewed,ak,ak
2004-06-02T11:43:40.510Z,-8.467,111.792,91.5,4.2,mb,20,155,,0.75,us,usp000cwxe,2014-11-07T01:22:31.302Z,"40 km SSW of Boyolangu, Indonesia",earthquake,,19.1,,3,reviewed,us,us
2004-06-02T11:39:42.940Z,-3.905,151.323,10,4.4,mb,8,140.6,,1.31,us,usp000cwxd,2014-11-07T01:22:31.299Z,"98 km WNW of Rabaul, Papua New Guinea",earthquake,,0,,1,reviewed,us,us
2004-06-02T11:15:59.730Z,46.854,152.77,56.7,4.6,mb,82,135.9,,0.98,us,usp000cwxb,2014-11-07T01:22:31.276Z,"Kuril Islands",earthquake,,,,30,reviewed,us,us
2004-06-02T10:44:37.520Z,37.2478333,-119.635,14.269,2.57,md,5,190,0.1928,0.04,nc,nc30506135,2017-01-07T14:43:12.881Z,"6 km ESE of Coarsegold, California",earthquake,0.72,1.22,0.33,3,automatic,nc,nc
2004-06-02T10:30:18.950Z,40.253,139.49,208.1,3.5,mb,11,155.1,,0.88,us,usp000cwx8,2014-11-07T01:22:31.269Z,"46 km W of Noshiro, Japan",earthquake,,12.6,,2,reviewed,us,us
2004-06-02T09:44:10.500Z,51.349,-178.327,1,2.5,ml,11,341.6,,,us,usp000cwx2,2019-02-13T01:07:10.863Z,"131 km WSW of Adak, Alaska",earthquake,,,,,reviewed,aeic,aeic
2004-06-02T09:15:17.180Z,-6.733,128.569,276.1,3.9,mb,9,165.3,,0.69,us,usp000cwwy,2014-11-07T01:22:31.236Z,"262 km NE of Lospalos, Timor Leste",earthquake,,24.1,,1,reviewed,us,us
2004-06-02T08:50:37.130Z,-32.875,-179.447,43.1,6.2,mwb,401,24.4,,0.93,us,usp000cwwx,2022-05-02T17:13:24.677Z,"south of the Kermadec Islands",earthquake,,,,,reviewed,us,us
2004-06-02T08:03:43.010Z,8.369,-83.446,10,4.6,mb,15,123.8,,1.38,us,usp000cwww,2014-11-07T01:22:31.011Z,"44 km SW of Golfito, Costa Rica",earthquake,,,,1,reviewed,us,us
2004-06-02T07:13:59.838Z,63.462,-147.5279,8,3.2,ml,,,,0.66,ak,ak00472t0e7j,2019-02-13T01:06:54.484Z,"71 km E of Cantwell, Alaska",earthquake,,0.7,,,reviewed,ak,ak
2004-06-02T07:01:01.030Z,10.944,-86.592,10,4.6,mb,78,166.8,,1.33,us,usp000cwwt,2014-11-07T01:22:30.967Z,"85 km WSW of San Juan del Sur, Nicaragua",earthquake,,,,29,reviewed,us,us
2004-06-02T05:46:02.390Z,35.7241667,-121.0948333,7.293,3.28,ml,63,50,0.06396,0.08,nc,nc21368145,2017-01-07T14:41:56.420Z,"11 km WSW of Oak Shores, California",earthquake,0.16,0.48,,3,reviewed,nc,nc
2004-06-02T05:22:21.800Z,9.771,-86.708,20,3.8,md,13,285.8,,,us,usp000cwwp,2014-11-07T01:22:30.952Z,"130 km W of Sámara, Costa Rica",earthquake,,,,,reviewed,casc,casc
2004-06-02T05:14:46.460Z,-7.1,120.361,563.3,4.7,mb,91,44.1,,0.87,us,usp000cwwn,2014-11-07T01:22:30.926Z,"163 km NNE of Labuan Bajo, Indonesia",earthquake,,4.7,,19,reviewed,us,us
2004-06-02T04:38:47.810Z,-6.157,103.908,42.2,5.4,mwb,236,48.8,,0.87,us,usp000cwwk,2025-12-19T23:13:09.561Z,"170 km WSW of Bandar Lampung, Indonesia",earthquake,,,,,reviewed,us,us
2004-06-02T04:12:33.076Z,62.0947,-141.189,4.9,2.5,ml,,,,0.3,ak,ak00472r7tm3,2019-02-13T01:07:05.930Z,"64 km S of Alcan Border, Alaska",earthquake,,52.9,,,reviewed,ak,ak
2004-06-02T03:59:08.940Z,-7.135,120.372,568.6,4,mb,35,122.9,,0.71,us,usp000cwwe,2014-11-07T01:22:30.801Z,"159 km NNE of Labuan Bajo, Indonesia",earthquake,,11.2,,5,reviewed,us,us
2004-06-02T03:19:58.740Z,11.32,125.162,85.6,4.2,mb,15,140,,0.73,us,usp000cwwd,2014-11-07T01:22:30.795Z,"5 km SE of Guirang, Philippines",earthquake,,,,2,reviewed,us,us
2004-06-02T03:07:13.040Z,-31.437,179.872,369.2,4.5,mb,52,133,,0.92,us,usp000cwwc,2014-11-07T01:22:30.774Z,"Kermadec Islands region",earthquake,,14.2,,3,reviewed,us,us
2004-06-02T02:58:18.030Z,42.417,144.005,48.6,4,mb,20,134.3,,0.68,us,usp000cwwb,2014-11-07T01:22:30.763Z,"68 km SSW of Kushiro, Japan",earthquake,,,,2,reviewed,us,us
2004-06-02T02:28:00.440Z,13.256,125.91,79.9,4.3,mb,24,135.7,,0.81,us,usp000cww9,2014-11-07T01:22:30.735Z,"110 km NE of Cabatuan, Philippines",earthquake,,12,,2,reviewed,us,us
2004-06-02T02:21:47.920Z,51.346,-178.524,50.4,2.7,ml,10,344.9,,,us,usp000cww7,2019-02-13T01:06:53.499Z,"143 km WSW of Adak, Alaska",earthquake,,,,,reviewed,aeic,aeic
2004-06-02T01:28:59.100Z,18.441,-67.606,6.8,2.8,md,8,324.8,,,us,usp000cww4,2014-11-07T01:22:30.686Z,"39 km WNW of Rincón, Puerto Rico",earthquake,,,,,reviewed,rspr,rspr
2004-06-02T01:09:40.980Z,13.22,-88.63,47.9,4.1,mb,17,127,,1.28,us,usp000cww3,2014-11-07T01:22:30.582Z,"11 km SW of Puerto El Triunfo, El Salvador",earthquake,,,,5,reviewed,us,us
2004-06-02T00:53:07.860Z,19.205,-155.3413333,45.199,3.15,ml,36,177,,0.1,hv,hv5372331,2020-03-31T21:09:56.170Z,"14 km E of P?hala, Hawaii",earthquake,0.77,0.93,0.14,6,reviewed,hv,hv
2004-06-02T00:22:20.530Z,53.934,-163.086,2.6,3.3,ml,24,223,,,us,usp000cww0,2019-02-13T01:06:53.141Z,"104 km SSE of False Pass, Alaska",earthquake,,,,,reviewed,aeic,aeic
2004-06-02T00:07:51.320Z,-20.615,-178.644,400,3.8,mb,14,187.2,,0.92,us,usp000cwvz,2014-11-07T01:22:30.535Z,"Fiji region",earthquake,,,,2,reviewed,us,us
2004-06-02T00:07:25.360Z,52.383,-169.043,1,2.8,ml,6,325.7,,,us,usp000cwvy,2019-02-13T01:07:01.947Z,"63 km S of Nikolski, Alaska",earthquake,,,,,reviewed,aeic,aeic
2004-06-02T00:05:21.250Z,42.322,144.481,37.2,4.2,mb,40,126.5,,0.76,us,usp000cwvx,2014-11-07T01:22:30.519Z,"73 km S of Kushiro, Japan",earthquake,,,,9,reviewed,us,us
2004-06-01T23:43:16.790Z,-2.866,129.682,45,3.7,mb,13,178.7,,1.3,us,usp000cwvv,2014-11-07T01:22:30.507Z,"99 km ENE of Amahai, Indonesia",earthquake,,0,,2,reviewed,us,us
2004-06-01T23:07:48.020Z,-2.547,-102.501,10,4.2,mb,12,217.6,,1.44,us,usp000cwvt,2014-11-07T01:22:30.495Z,"central East Pacific Rise",earthquake,,,,3,reviewed,us,us
2004-06-01T22:40:46.060Z,-5.208,102.642,27.9,4.6,mb,28,75.2,,0.97,us,usp000cwvs,2014-11-07T01:22:30.487Z,"147 km SSW of Pagar Alam, Indonesia",earthquake,,44.2,,5,reviewed,us,us
2004-06-01T22:35:26.260Z,-2.862,-102.846,10,4.4,mb,13,219.4,,0.76,us,usp000cwvr,2014-11-07T01:22:30.483Z,"central East Pacific Rise",earthquake,,,,1,reviewed,us,us
2004-06-01T22:01:11.620Z,-6.594,122.85,10,4.6,mb,24,128.8,,0.98,us,usp000cwvn,2014-11-07T01:22:30.465Z,"187 km SSE of Katabu, Indonesia",earthquake,,,,5,reviewed,us,us
2004-06-01T21:10:46.820Z,-6.947,143.606,335,5.4,mwc,81,29.7,,0.81,us,usp000cwvj,2025-12-19T23:13:08.753Z,"85 km SSW of Ialibu, Papua New Guinea",earthquake,,,,,reviewed,us,hrv
2004-06-01T20:56:18.600Z,38.25,27.35,2,3,md,5,212.4,,,us,usp000cwvh,2014-11-07T01:22:30.373Z,"10 km N of Torbal?, Turkey",earthquake,,,,,reviewed,ath,ath
2004-06-01T20:52:36.630Z,61.4399,-150.9007,63.3,2.9,ml,,,,0.81,ak,ak00471dfzpr,2019-02-13T01:06:45.456Z,"Southern Alaska",earthquake,,1.3,,,reviewed,ak,ak
2004-06-01T20:47:30.430Z,-9.037,67.253,10,5.7,mwb,117,42.4,,0.89,us,usp000cwvf,2022-05-02T17:13:23.385Z,"Mid-Indian Ridge",earthquake,,,,,reviewed,us,us
2004-06-01T20:46:56.810Z,-9.507,113.004,60,4.2,mb,10,199.3,,1.24,us,usp000cwve,2014-11-07T01:22:30.306Z,"141 km SSW of Kencong, Indonesia",earthquake,,0,,2,reviewed,us,us
2004-06-01T20:43:22.400Z,19.017,-63.926,90.2,3.8,md,9,336.2,,,us,usp000cwva,2014-11-07T01:22:30.240Z,"118 km NE of Cruz Bay, U.S. Virgin Islands",earthquake,,,,,reviewed,rspr,rspr
2004-06-01T19:49:16.230Z,-5.759,105.963,193.9,4.2,mb,27,71.8,,0.71,us,usp000cwv9,2014-11-07T01:22:30.153Z,"44 km NNW of Serang, Indonesia",earthquake,,29.7,,5,reviewed,us,us
2004-06-01T19:36:52.987Z,57.8769,-156.6864,8.1,2.7,ml,,,,0.7,ak,ak00471cr5wy,2019-02-13T01:06:44.794Z,"55 km SE of Egegik, Alaska",earthquake,,11.2,,,reviewed,ak,ak
2004-06-01T18:58:09.550Z,50.39,-177.064,26.2,2.7,ml,11,311.9,,,us,usp000cwv7,2019-02-13T01:06:44.168Z,"167 km S of Adak, Alaska",earthquake,,,,,reviewed,aeic,aeic
2004-06-01T18:45:25.450Z,4.146,-82.252,10,4.6,mb,47,88.1,,1.11,us,usp000cwv6,2014-11-07T01:22:30.004Z,"south of Panama",earthquake,,,,10,reviewed,us,us
2004-06-01T17:35:14.700Z,42.31,2.19,10,2.5,ml,24,116.6,,,us,usp000cwv2,2014-11-07T01:22:29.961Z,"1 km ENE of Ribes de Freser, Spain",earthquake,,,,,reviewed,str,ldg
2004-06-01T17:04:54.700Z,-32.072,-68.033,38,5.1,mwc,196,52.1,,0.83,us,usp000cwuy,2022-05-02T17:13:17.828Z,"52 km SSE of Caucete, Argentina",earthquake,,,,,reviewed,us,hrv
2004-06-01T16:54:04.380Z,-17.944,-178.478,565,4.3,mb,20,191.5,,0.86,us,usp000cwuw,2014-11-07T01:22:29.854Z,"233 km E of Levuka, Fiji",earthquake,,,,7,reviewed,us,us
2004-06-01T16:50:18.830Z,42.269,2.237,4.8,4.2,ml,80,94.2,,,us,usp000cwuv,2014-11-07T01:22:29.819Z,"5 km NW of Sant Joan de les Abadesses, Spain",earthquake,,,,,reviewed,mdd,ldg
2004-06-01T16:49:55.200Z,39.209,6.504,10,4.4,ml,82,46.9,,1.09,us,usp000cwuu,2014-11-07T01:22:29.794Z,"155 km W of Carloforte, Italy",earthquake,,,,,reviewed,us,ldg
2004-06-01T16:43:34.990Z,-4.529,103.132,35,4.2,mb,11,180.5,,0.86,us,usp000cwut,2014-11-07T01:22:29.790Z,"57 km SSW of Pagar Alam, Indonesia",earthquake,,,,2,reviewed,us,us
2004-06-01T16:18:13.220Z,11.262,125.658,71.7,4.8,mb,44,88.7,,0.79,us,usp000cwus,2014-11-07T01:22:29.775Z,"8 km SSE of Hernani, Philippines",earthquake,,10.8,,12,reviewed,us,us
2004-06-01T16:05:06.710Z,52.761,-163.482,33.4,3.4,ml,29,189.5,,,us,usp000cwur,2019-02-13T01:06:51.013Z,"215 km SE of Akutan, Alaska",earthquake,,,,,reviewed,aeic,aeic
2004-06-01T15:52:39.330Z,0.706,-79.744,23.7,5.4,mwc,207,69.3,,0.85,us,usp000cwuq,2022-05-02T17:13:11.743Z,"29 km SSW of Esmeraldas, Ecuador",earthquake,,,,,reviewed,us,hrv
2004-06-01T15:48:24.700Z,39.22,21.83,28,3,md,5,157,,,us,usp000cwun,2014-11-07T01:22:29.668Z,"9 km SW of Kallíthiro, Greece",earthquake,,,,,reviewed,ath,ath
2004-06-01T15:48:15.410Z,43.211,46.166,34.9,3.7,mb,15,95.5,,0.89,us,usp000cwum,2014-11-07T01:22:29.661Z,"2 km WSW of Bachi-Yurt, Russia",earthquake,,27.7,,1,reviewed,us,us
2004-06-01T14:43:03.070Z,54.044,-163.086,0.1,2.8,ml,24,217.7,,,us,usp000cwuj,2019-02-13T01:06:42.026Z,"92 km SSE of False Pass, Alaska",earthquake,,,,,reviewed,aeic,aeic
2004-06-01T14:37:35.111Z,53.1332,-167.182,82.6,2.5,ml,,,,0.68,ak,ak004719s687,2019-02-13T01:06:50.667Z,"92 km SSW of Unalaska, Alaska",earthquake,,11.7,,,reviewed,ak,ak
2004-06-01T14:36:14.760Z,34.2955,-116.8776667,3.929,3.06,ml,89,23,0.04868,0.15,ci,ci10014793,2022-06-15T19:07:38.494Z,"5km NW of Big Bear City, CA",earthquake,0.16,1.06,0.198,56,reviewed,ci,ci
2004-06-01T14:31:04.710Z,-6.272,154.979,57.2,4.9,mwc,61,37.3,,0.97,us,usp000cwug,2016-11-10T00:36:35.574Z,"56 km W of Panguna, Papua New Guinea",earthquake,,,,,reviewed,us,hrv
2004-06-01T14:14:05.400Z,36.09,21.91,27,3.3,md,6,224.1,,,us,usp000cwuf,2014-11-07T01:22:29.592Z,"78 km S of Koróni, Greece",earthquake,,,,,reviewed,ath,ath
2004-06-01T12:59:02.180Z,53.938,-163.107,10,3.6,ml,25,205,,,us,usp000cwub,2019-02-13T01:06:41.657Z,"103 km S of False Pass, Alaska",earthquake,,,,,reviewed,aeic,aeic
2004-06-01T12:54:51.060Z,42.546,144.413,49.1,4.1,mb,22,134.4,,0.86,us,usp000cwua,2014-11-07T01:22:29.555Z,"47 km S of Kushiro, Japan",earthquake,,,,2,reviewed,us,us
2004-06-01T12:53:46.050Z,22.212,143.845,205.1,4.2,mb,21,124.9,,0.99,us,usp000cwu9,2014-11-07T01:22:29.547Z,"Volcano Islands, Japan region",earthquake,,36.9,,5,reviewed,us,us
2004-06-01T12:51:20.330Z,51.648,16.053,5,2.8,ml,6,251.6,,0.65,us,usp000cwu8,2014-11-07T01:22:29.540Z,"2 km SW of G?ogów, Poland",earthquake,,,,,reviewed,us,zamg
2004-06-01T12:31:55.230Z,34.141,141.53,28.5,4.4,mb,23,124.6,,0.72,us,usp000cwu7,2014-11-07T01:22:29.531Z,"157 km SE of Katsuura, Japan",earthquake,,34.6,,3,reviewed,us,us
2004-06-01T12:08:39.600Z,38.35,21.83,5,3.2,md,5,98,,,us,usp000cwu6,2014-11-07T01:22:29.527Z,"4 km S of Náfpaktos, Greece",earthquake,,,,,reviewed,ath,ath
2004-06-01T12:02:29.680Z,54.019,-163.145,7.2,3.2,ml,33,156.6,,,us,usp000cwu3,2019-02-13T01:06:40.676Z,"94 km S of False Pass, Alaska",earthquake,,,,,reviewed,aeic,aeic
2004-06-01T11:57:42.230Z,-23.069,-66.616,193.5,4.5,mb,11,92.2,,0.62,us,usp000cwu2,2014-11-07T01:22:29.490Z,"97 km W of El Aguilar, Argentina",earthquake,,9,,2,reviewed,us,us
2004-06-01T11:49:35.000Z,54.091,-163.169,40.2,4.6,mb,169,133.7,,0.87,us,usp000cwu1,2019-02-13T01:06:40.195Z,"86 km S of False Pass, Alaska",earthquake,,2.7,,30,reviewed,us,us
2004-06-01T11:27:53.500Z,-5.334,147.108,187.2,4.7,mb,14,153.5,,0.61,us,usp000cwu0,2014-11-07T01:22:29.407Z,"146 km E of Madang, Papua New Guinea",earthquake,,9.8,,2,reviewed,us,us
2004-06-01T11:18:32.000Z,37.804,15.098,5.7,2.9,md,13,99.1,,,us,usp000cwtz,2014-11-07T01:22:29.400Z,"5 km SW of Linguaglossa, Italy",earthquake,,,,,reviewed,rom,rom
2004-06-01T11:07:20.320Z,-22.798,-12.832,10,3.7,mb,22,58.4,,1,us,usp000cwty,2014-11-07T01:22:29.387Z,"southern Mid-Atlantic Ridge",earthquake,,,,4,reviewed,us,us
2004-06-01T11:02:46.800Z,42.68,-1.95,10,2.7,ml,4,325.6,,,us,usp000cwtv,2014-11-07T01:22:29.366Z,"2 km SSW of Yerri, Spain",earthquake,,,,,reviewed,str,str
2004-06-01T10:32:48.320Z,52.068,-173.191,58.9,2.6,ml,9,342.7,,,us,usp000cwtu,2019-02-13T01:06:49.479Z,"70 km ESE of Atka, Alaska",earthquake,,,,,reviewed,aeic,aeic
2004-06-01T10:32:29.000Z,37.791,15.101,2.3,3.8,md,40,64.7,,,us,usp000cwtt,2014-11-07T01:22:29.324Z,"6 km NNW of Sant'Alfio, Italy",earthquake,,,,,reviewed,rom,pdg
2004-06-01T10:28:16.650Z,-15.398,-173.636,10,4.8,mb,20,64.3,,0.49,us,usp000cwts,2014-11-07T01:22:29.310Z,"63 km NNE of Hihifo, Tonga",earthquake,,,,3,reviewed,us,us
2004-06-01T10:20:59.980Z,28.13,141.504,10,4.5,mb,10,116,,1.48,us,usp000cwtr,2014-11-07T01:22:29.304Z,"Bonin Islands, Japan region",earthquake,,,,2,reviewed,us,us
2004-06-01T10:14:12.000Z,37.718,15.094,5,2.7,md,9,220.5,,,us,usp000cwtq,2014-11-07T01:22:29.298Z,"2 km WSW of Milo, Italy",earthquake,,,,,reviewed,rom,rom
2004-06-01T09:49:24.140Z,-19.74,-69.923,44.8,4.7,mb,54,97.6,,1.05,us,usp000cwtn,2014-11-07T01:22:29.264Z,"57 km NNE of Iquique, Chile",earthquake,,,,13,reviewed,us,us
2004-06-01T09:11:10.000Z,44.257,11.485,5,2.5,md,19,113,,,us,usp000cwtk,2014-11-07T01:22:29.246Z,"5 km NNW of Castel del Rio, Italy",earthquake,,,,,reviewed,rom,rom
2004-06-01T08:09:53.480Z,52.288,-166.787,10.3,2.7,ml,6,321.1,,,us,usp000cwtf,2019-02-13T01:06:48.627Z,"158 km ESE of Nikolski, Alaska",earthquake,,,,,reviewed,aeic,aeic
2004-06-01T07:56:48.000Z,37.607,16.719,20.5,2.6,md,9,241.5,,,us,usp000cwte,2014-11-07T01:22:29.221Z,"67 km SE of Weather Station, Italy",earthquake,,,,,reviewed,rom,rom
2004-06-01T07:41:45.098Z,60.0208,-153.0626,115.8,3.3,ml,,,,0.57,ak,ak004715n0ml,2019-02-13T01:06:38.305Z,"63 km ENE of Pedro Bay, Alaska",earthquake,,0.5,,,reviewed,ak,ak
2004-06-01T07:12:52.713Z,62.1002,-149.4478,37.4,2.5,ml,,,,0.78,ak,ak004715gtg7,2019-02-13T01:06:37.884Z,"22 km ESE of Susitna North, Alaska",earthquake,,0.3,,,reviewed,ak,ak
2004-06-01T06:34:19.770Z,38.9321667,-123.2466667,-0.805,2.86,md,41,71,0.04324,0.17,nc,nc21367936,2017-01-07T14:37:00.310Z,"12 km WSW of Hopland, California",earthquake,0.23,1.1,0.08,42,reviewed,nc,nc
2004-06-01T06:33:37.880Z,44.97,14.881,5,2.7,ml,8,154.6,,0.94,us,usp000cwt9,2014-11-07T01:22:29.140Z,"2 km SW of Senj, Croatia",earthquake,,,,,reviewed,us,zamg
2004-06-01T06:22:12.920Z,41.668,141.243,96.4,4.5,mb,58,112.3,,0.97,us,usp000cwt7,2014-11-07T01:22:29.097Z,"42 km N of Mutsu, Japan",earthquake,,,,18,reviewed,us,us
2004-06-01T05:58:54.950Z,38.708,70.346,10,3.8,mb,9,199.9,,0.91,us,usp000cwt1,2014-11-07T01:22:29.036Z,"35 km S of Rasht, Tajikistan",earthquake,,,,1,reviewed,us,us
2004-06-01T05:27:48.610Z,34.273,141.724,10,3.9,mb,9,124.7,,0.99,us,usp000cwsz,2014-11-07T01:22:29.010Z,"161 km SE of Katsuura, Japan",earthquake,,,,1,reviewed,us,us
2004-06-01T05:18:39.000Z,43.167,15.246,10,2.8,md,11,181.2,,,us,usp000cwsy,2014-11-07T01:22:29.000Z,"70 km W of Komiža, Croatia",earthquake,,,,,reviewed,rom,rom
2004-06-01T04:20:12.410Z,44.943,14.949,5,2.8,ml,13,164.5,,1.14,us,usp000cwsw,2014-11-07T01:22:28.976Z,"6 km SSE of Senj, Croatia",earthquake,,,,,reviewed,us,zamg
2004-06-01T04:10:29.600Z,-40.43,174.52,94,3.8,ml,19,113.4,,,us,usp000cwsv,2014-11-07T01:22:28.963Z,"64 km NW of Otaki, New Zealand",earthquake,,,,,reviewed,wel,wel
2004-06-01T03:30:49.970Z,51.969,-170.498,44.2,3.7,ml,50,128.6,,0.79,us,usp000cwsu,2019-02-13T01:06:37.151Z,"155 km SW of Nikolski, Alaska",earthquake,,4,,,reviewed,us,aeic
2004-06-01T03:21:28.780Z,36.199,-0.555,0,3.6,m,8,281.7,,,us,usp000cwst,2014-11-07T01:22:28.922Z,"49 km NNW of Aïn el Bya, Algeria",earthquake,,,,,reviewed,mdd,mdd
2004-06-01T03:19:55.500Z,35.87,27.12,52,3.1,md,7,107.3,,,us,usp000cwss,2014-11-07T01:22:28.914Z,"41 km NNW of Karpathos, Greece",earthquake,,,,,reviewed,ath,ath
2004-06-01T03:08:48.200Z,34.494,141.391,17.6,5.3,mwc,184,69.7,,0.84,us,usp000cwsr,2025-12-19T23:13:08.115Z,"122 km SE of Katsuura, Japan",earthquake,,,,,reviewed,us,hrv
2004-06-01T02:58:01.100Z,-6.208,149.82,60,4.3,mb,22,82.1,,0.91,us,usp000cwsq,2014-11-07T01:22:28.606Z,"30 km E of Kandrian, Papua New Guinea",earthquake,,,,7,reviewed,us,us
2004-06-01T01:44:10.760Z,-17.564,-178.41,537.3,4.5,mb,32,118.7,,0.88,us,usp000cwsn,2014-11-07T01:22:28.563Z,"247 km ENE of Levuka, Fiji",earthquake,,30.7,,10,reviewed,us,us
2004-06-01T01:39:06.600Z,34.092,2.213,10,3.7,ml,18,244.6,,,us,usp000cwsm,2014-11-07T01:22:28.537Z,"10 km ESE of Aflou, Algeria",earthquake,,,,,reviewed,alg,alg
2004-06-01T00:58:27.570Z,34.414,141.463,10,4.6,mb,28,124.9,,0.82,us,usp000cwsk,2014-11-07T01:22:28.508Z,"132 km SE of Katsuura, Japan",earthquake,,,,4,reviewed,us,us
2004-06-01T00:38:09.100Z,38.86,21.48,4,3.2,md,4,108.8,,,us,usp000cwsj,2014-11-07T01:22:28.499Z,"21 km SW of Kerasochóri, Greece",earthquake,,,,,reviewed,ath,ath
2004-06-01T00:23:49.650Z,13.78,146.119,48.4,4.6,mb,10,149.8,,0.78,us,usp000cwsg,2014-11-07T01:22:28.457Z,"135 km ENE of Yigo Village, Guam",earthquake,,12.4,,1,reviewed,us,us
